0.0
0.0
0.0
0.0
0.0
0.0
0.0
0.0
0.0
0.0
0.0
0.0
0.0
0.0
0.0
0.0
0.0
0.0
0.0
0.0
0.0
0.0
0.0
0.0
0.0
0.0
0.0
0.0
0.0
0.0
0.0
0.0
0.0
0.0
0.0
0.0
0.0
0.0
0.0
0.0
0.0
0.0
0.0
0.0
0.0
0.0
0.0
0.0
0.0
0.0
0.0
0.0
0.0
0.0
0.0
0.0
0.0
0.0
0.0
0.0
0.0
0.0
0.0
0.0
0.0
0.0
0.0
0.0
0.0
0.0
0.0
0.0
0.0
0.0
0.0
0.0
0.0
0.0
0.0
0.0
0.0
0.0
0.0
0.0
0.0
0.0
0.0
0.0
0.0
0.0
0.0
0.0
0.0
0.0
0.0
0.0
0.0
0.0
0.0
0.0
0.0
0.0
0.0
0.0
0.0
0.0
0.0
0.0
0.0
0.0
0.0
0.0
0.0
0.0
0.0
0.0
0.0
0.0
0.0
0.0
0.0
99.78377810351986
1.791759469228055
1.791759469228055
1.791759469228055
1.3862943611198906
0.0
1.3862943611198906
1.791759469228055
1.791759469228055
1.791759469228055
99.78377810351986
1.791759469228055
2.1972245773362196
2.1972245773362196
2.1972245773362196
1.9459101490553132
0.0
1.9459101490553132
2.1972245773362196
2.1972245773362196
2.1972245773362196
1.791759469228055
1.791759469228055
2.1972245773362196
2.1972245773362196
2.1972245773362196
1.9459101490553132
1.9459101490553132
1.9459101490553132
2.1972245773362196
2.1972245773362196
2.1972245773362196
1.791759469228055
1.791759469228055
2.1972245773362196
2.1972245773362196
2.1972245773362196
1.9459101490553132
0.0
1.9459101490553132
2.1972245773362196
2.1972245773362196
2.1972245773362196
1.791759469228055
1.3862943611198906
1.9459101490553132
1.9459101490553132
1.9459101490553132
1.3862943611198906
0.0
1.3862943611198906
1.9459101490553132
1.9459101490553132
1.9459101490553132
1.3862943611198906
0.0
0.0
1.9459101490553132
0.0
0.0
0.0
0.0
0.0
1.9459101490553132
0.0
0.0
1.3862943611198906
1.9459101490553132
1.9459101490553132
1.9459101490553132
1.3862943611198906
0.0
1.3862943611198906
1.9459101490553132
1.9459101490553132
1.9459101490553132
1.3862943611198906
1.791759469228055
2.1972245773362196
2.1972245773362196
2.1972245773362196
1.9459101490553132
0.0
1.9459101490553132
2.1972245773362196
2.1972245773362196
2.1972245773362196
1.791759469228055
1.791759469228055
2.1972245773362196
2.1972245773362196
2.1972245773362196
1.9459101490553132
1.9459101490553132
1.9459101490553132
2.1972245773362196
2.1972245773362196
2.1972245773362196
1.791759469228055
1.791759469228055
2.1972245773362196
2.1972245773362196
2.1972245773362196
1.9459101490553132
0.0
1.9459101490553132
2.1972245773362196
2.1972245773362196
2.1972245773362196
1.791759469228055
99.78377810351986
1.791759469228055
1.791759469228055
1.791759469228055
1.3862943611198906
0.0
1.3862943611198906
1.791759469228055
1.791759469228055
1.791759469228055
99.78377810351986
100.38892421610879
2.3881618587906757
2.3881618587906757
2.3881618587906757
1.9380120147417799
0.0
1.9380120147417799
2.3881618587906757
2.3881618587906757
2.3881618587906757
100.38892421610879
2.3881618587906757
2.821641141991172
2.821641141991172
2.821641141991172
2.5545184544898536
0.0
2.5545184544898536
2.821641141991172
2.821641141991172
2.821641141991172
2.3881618587906757
2.3881618587906757
2.821641141991172
2.821641141991172
2.821641141991172
2.5545184544898536
2.5545184544898536
2.5545184544898536
2.821641141991172
2.821641141991172
2.821641141991172
2.3881618587906757
2.3881618587906757
2.821641141991172
2.821641141991172
2.821641141991172
2.5545184544898536
0.0
2.5545184544898536
2.821641141991172
2.821641141991172
2.821641141991172
2.3881618587906757
1.9380120147417799
2.5545184544898536
2.5545184544898536
2.5545184544898536
1.9380120147417799
0.0
1.9380120147417799
2.5545184544898536
2.5545184544898536
2.5545184544898536
1.9380120147417799
0.0
0.0
2.5545184544898536
0.0
0.0
0.0
0.0
0.0
2.5545184544898536
0.0
0.0
1.9380120147417799
2.5545184544898536
2.5545184544898536
2.5545184544898536
1.9380120147417799
0.0
1.9380120147417799
2.5545184544898536
2.5545184544898536
2.5545184544898536
1.9380120147417799
2.3881618587906757
2.821641141991172
2.821641141991172
2.821641141991172
2.5545184544898536
0.0
2.5545184544898536
2.821641141991172
2.821641141991172
2.821641141991172
2.3881618587906757
2.3881618587906757
2.821641141991172
2.821641141991172
2.821641141991172
2.5545184544898536
2.5545184544898536
2.5545184544898536
2.821641141991172
2.821641141991172
2.821641141991172
2.3881618587906757
2.3881618587906757
2.821641141991172
2.821641141991172
2.821641141991172
2.5545184544898536
0.0
2.5545184544898536
2.821641141991172
2.821641141991172
2.821641141991172
2.3881618587906757
100.38892421610879
2.3881618587906757
2.3881618587906757
2.3881618587906757
1.9380120147417799
0.0
1.9380120147417799
2.3881618587906757
2.3881618587906757
2.3881618587906757
100.38892421610879
100.89131410280295
98.6873174642296
3.5033835808838436
3.4429523660314936
3.0238428391882968
0.0
3.0238428391882968
3.4429523660314936
3.5033835808838436
98.6873174642296
100.89131410280295
98.6873174642296
3.9066604544228065
3.9635436239578703
3.926009561879465
3.559768676492807
0.0
3.559768676492807
3.926009561879465
3.9635436239578703
3.9066604544228065
98.6873174642296
3.5033835808838436
3.9635436239578703
4.0173645097744135
3.981832534297858
3.7828327879074264
3.4101845344607735
3.7828327879074264
3.981832534297858
4.0173645097744135
3.9635436239578703
3.5033835808838436
3.4429523660314936
3.926009561879465
3.981832534297858
3.944991376915836
3.559768676492807
0.0
3.559768676492807
3.944991376915836
3.981832534297858
3.926009561879465
3.4429523660314936
3.0238428391882968
3.559768676492807
3.7828327879074264
3.559768676492807
3.069997049967553
0.0
3.069997049967553
3.559768676492807
3.7828327879074264
3.559768676492807
3.0238428391882968
0.0
0.0
3.4101845344607735
0.0
0.0
0.0
0.0
0.0
3.4101845344607735
0.0
0.0
3.0238428391882968
3.559768676492807
3.7828327879074264
3.559768676492807
3.069997049967553
0.0
3.069997049967553
3.559768676492807
3.7828327879074264
3.559768676492807
3.0238428391882968
3.4429523660314936
3.926009561879465
3.981832534297858
3.944991376915836
3.559768676492807
0.0
3.559768676492807
3.944991376915836
3.981832534297858
3.926009561879465
3.4429523660314936
3.5033835808838436
3.9635436239578703
4.0173645097744135
3.981832534297858
3.7828327879074264
3.4101845344607735
3.7828327879074264
3.981832534297858
4.0173645097744135
3.9635436239578703
3.5033835808838436
98.6873174642296
3.9066604544228065
3.9635436239578703
3.926009561879465
3.559768676492807
0.0
3.559768676492807
3.926009561879465
3.9635436239578703
3.9066604544228065
98.6873174642296
100.89131410280295
98.6873174642296
3.5033835808838436
3.4429523660314936
3.0238428391882968
0.0
3.0238428391882968
3.4429523660314936
3.5033835808838436
98.6873174642296
100.89131410280295
101.36976972630909
99.45659391018246
4.469375658940464
4.37795544873608
3.950068000275936
0.0
3.950068000275936
4.37795544873608
4.469375658940464
99.45659391018246
101.36976972630909
99.45659391018246
98.6873174642296
4.939071421053861
4.8683864059280415
4.5128106658117595
0.0
4.5128106658117595
4.8683864059280415
4.939071421053861
98.6873174642296
99.45659391018246
4.469375658940464
4.939071421053861
5.03651113137119
4.972674041706012
4.7351167532624885
4.404247918490736
4.7351167532624885
4.972674041706012
5.03651113137119
4.939071421053861
4.469375658940464
4.37795544873608
4.8683864059280415
4.972674041706012
4.897179198256537
4.523410956315538
0.0
4.523410956315538
4.897179198256537
4.972674041706012
4.8683864059280415
4.37795544873608
3.950068000275936
4.5128106658117595
4.7351167532624885
4.523410956315538
4.003255930398937
0.0
4.003255930398937
4.523410956315538
4.7351167532624885
4.5128106658117595
3.950068000275936
0.0
0.0
4.404247918490736
0.0
0.0
0.0
0.0
0.0
4.404247918490736
0.0
0.0
3.950068000275936
4.5128106658117595
4.7351167532624885
4.523410956315538
4.003255930398937
0.0
4.003255930398937
4.523410956315538
4.7351167532624885
4.5128106658117595
3.950068000275936
4.37795544873608
4.8683864059280415
4.972674041706012
4.897179198256537
4.523410956315538
0.0
4.523410956315538
4.897179198256537
4.972674041706012
4.8683864059280415
4.37795544873608
4.469375658940464
4.939071421053861
5.03651113137119
4.972674041706012
4.7351167532624885
4.404247918490736
4.7351167532624885
4.972674041706012
5.03651113137119
4.939071421053861
4.469375658940464
99.45659391018246
98.6873174642296
4.939071421053861
4.8683864059280415
4.5128106658117595
0.0
4.5128106658117595
4.8683864059280415
4.939071421053861
98.6873174642296
99.45659391018246
101.36976972630909
99.45659391018246
4.469375658940464
4.37795544873608
3.950068000275936
0.0
3.950068000275936
4.37795544873608
4.469375658940464
99.45659391018246
101.36976972630909
101.8343417569686
100.00019820431483
97.60182143133224
5.327550779224285
4.870686018787745
0.0
4.870686018787745
5.327550779224285
97.60182143133224
100.00019820431483
101.8343417569686
100.00019820431483
99.72889105383238
5.910492057777282
5.818657637813879
5.4709556625302485
0.0
5.4709556625302485
5.818657637813879
5.910492057777282
99.72889105383238
100.00019820431483
97.60182143133224
5.910492057777282
6.030586393395973
5.9642660607547855
5.669582481714639
5.3615461229425065
5.669582481714639
5.9642660607547855
6.030586393395973
5.910492057777282
97.60182143133224
5.327550779224285
5.818657637813879
5.9642660607547855
5.84827865296113
5.490460513416521
0.0
5.490460513416521
5.84827865296113
5.9642660607547855
5.818657637813879
5.327550779224285
4.870686018787745
5.4709556625302485
5.669582481714639
5.490460513416521
4.918628451000434
0.0
4.918628451000434
5.490460513416521
5.669582481714639
5.4709556625302485
4.870686018787745
0.0
0.0
5.3615461229425065
0.0
0.0
0.0
0.0
0.0
5.3615461229425065
0.0
0.0
4.870686018787745
5.4709556625302485
5.669582481714639
5.490460513416521
4.918628451000434
0.0
4.918628451000434
5.490460513416521
5.669582481714639
5.4709556625302485
4.870686018787745
5.327550779224285
5.818657637813879
5.9642660607547855
5.848278652961129
5.490460513416521
0.0
5.490460513416521
5.84827865296113
5.9642660607547855
5.818657637813879
5.327550779224285
97.60182143133224
5.910492057777282
6.030586393395973
5.9642660607547855
5.669582481714639
5.3615461229425065
5.669582481714639
5.9642660607547855
6.030586393395973
5.910492057777282
97.60182143133224
100.00019820431483
99.72889105383238
5.910492057777282
5.818657637813879
5.4709556625302485
0.0
5.4709556625302485
5.818657637813879
5.910492057777282
99.72889105383238
100.00019820431483
101.8343417569686
100.00019820431483
97.60182143133224
5.327550779224285
4.870686018787745
0.0
4.870686018787745
5.327550779224285
97.60182143133224
100.00019820431483
101.8343417569686
102.27726067576225
100.59265698528102
98.5113233836019
6.286210551160302
5.818239798975529
0.0
5.818239798975529
6.286210551160302
98.5113233836019
100.59265698528102
102.27726067576225
100.59265698528102
100.37136012989241
98.29496861189219
6.801227331416763
6.427292810945354
0.0
6.427292810945354
6.801227331416763
98.29496861189219
100.37136012989241
100.59265698528102
98.5113233836019
98.29496861189219
7.027545386498166
6.9499731538010305
6.63761400603694
6.31870670255649
6.63761400603694
6.949973153801031
7.027545386498166
98.29496861189219
98.5113233836019
6.286210551160302
6.801227331416763
6.9499731538010305
6.842452767241601
6.450269338324621
0.0
6.450269338324621
6.842452767241601
6.9499731538010305
6.801227331416763
6.286210551160302
5.818239798975529
6.427292810945354
6.63761400603694
6.450269338324621
5.875136098723944
0.0
5.875136098723944
6.450269338324621
6.63761400603694
6.427292810945354
5.818239798975529
0.0
0.0
6.31870670255649
0.0
0.0
0.0
0.0
0.0
6.31870670255649
0.0
0.0
5.818239798975529
6.427292810945354
6.63761400603694
6.450269338324621
5.875136098723944
0.0
5.875136098723944
6.450269338324621
6.63761400603694
6.427292810945354
5.818239798975529
6.286210551160302
6.801227331416763
6.949973153801031
6.8424527672416
6.450269338324621
0.0
6.450269338324621
6.842452767241601
6.949973153801031
6.801227331416763
6.286210551160302
98.5113233836019
98.29496861189219
7.027545386498166
6.9499731538010305
6.63761400603694
6.31870670255649
6.63761400603694
6.949973153801031
7.027545386498166
98.29496861189219
98.5113233836019
100.59265698528102
100.37136012989241
98.29496861189219
6.801227331416763
6.427292810945354
0.0
6.427292810945354
6.801227331416763
98.29496861189219
100.37136012989241
100.59265698528102
102.27726067576225
100.59265698528102
98.5113233836019
6.286210551160302
5.818239798975529
0.0
5.818239798975529
6.286210551160302
98.5113233836019
100.59265698528102
102.27726067576225
102.69574205886133
101.14069585000217
99.30811137460886
96.52718035876386
6.7587638226149
0.0
6.7587638226149
96.52718035876386
99.30811137460886
101.14069585000217
102.69574205886133
101.14069585000217
100.89275808629358
99.38781770860969
7.76767255652336
7.36996606824388
0.0
7.36996606824388
7.76767255652336
99.38781770860969
100.89275808629358
101.14069585000217
99.30811137460886
99.38781770860969
97.60182143133224
7.91155383965771
7.595290457422829
7.257851858712852
7.595290457422829
7.91155383965771
97.60182143133224
99.38781770860969
99.30811137460886
96.52718035876386
7.76767255652336
7.91155383965771
7.817362152395295
7.395243882653043
0.0
7.395243882653043
7.817362152395295
7.91155383965771
7.76767255652336
96.52718035876386
6.7587638226149
7.36996606824388
7.595290457422829
7.395243882653043
6.826662698342787
0.0
6.826662698342787
7.395243882653043
7.595290457422829
7.36996606824388
6.7587638226149
0.0
0.0
7.257851858712852
0.0
0.0
0.0
0.0
0.0
7.257851858712852
0.0
0.0
6.7587638226149
7.36996606824388
7.595290457422829
7.395243882653043
6.826662698342787
0.0
6.826662698342787
7.395243882653043
7.595290457422829
7.36996606824388
6.7587638226149
96.52718035876386
7.76767255652336
7.91155383965771
7.817362152395295
7.395243882653043
0.0
7.395243882653043
7.817362152395295
7.91155383965771
7.76767255652336
96.52718035876386
99.30811137460886
99.38781770860969
97.60182143133224
7.91155383965771
7.595290457422829
7.257851858712852
7.595290457422829
7.91155383965771
97.60182143133224
99.38781770860969
99.30811137460886
101.14069585000217
100.89275808629358
99.38781770860969
7.76767255652336
7.36996606824388
0.0
7.36996606824388
7.76767255652336
99.38781770860969
100.89275808629358
101.14069585000217
102.69574205886133
101.14069585000217
99.30811137460886
96.52718035876386
6.7587638226149
0.0
6.7587638226149
96.52718035876386
99.30811137460886
101.14069585000217
102.69574205886133
103.10461279034091
101.62906345260429
100.08055544365209
97.55883816636111
7.699457937886824
0.0
7.699457937886824
97.55883816636111
100.08055544365209
101.62906345260429
103.10461279034091
101.62906345260429
101.4445153821652
100.07047245120877
97.62117700869933
8.321216361347343
0.0
8.321216361347343
97.62117700869933
100.07047245120877
101.4445153821652
101.62906345260429
100.08055544365209
100.07047245120877
99.10633848278476
8.877612668576083
8.547740141555215
8.204470365169627
8.547740141555215
8.877612668576083
99.10633848278476
100.07047245120877
100.08055544365209
97.55883816636111
97.62117700869933
8.877612668576083
8.779433170965996
8.351156369724144
0.0
8.351156369724144
8.779433170965996
8.877612668576083
97.62117700869933
97.55883816636111
7.699457937886824
8.321216361347343
8.547740141555215
8.351156369724144
7.772704228156097
0.0
7.772704228156097
8.351156369724144
8.547740141555215
8.321216361347343
7.699457937886824
0.0
0.0
8.204470365169627
0.0
0.0
0.0
0.0
0.0
8.204470365169627
0.0
0.0
7.699457937886824
8.321216361347343
8.547740141555215
8.351156369724144
7.772704228156097
0.0
7.772704228156097
8.351156369724144
8.547740141555215
8.321216361347343
7.699457937886824
97.55883816636111
97.62117700869933
8.877612668576083
8.779433170965996
8.351156369724144
0.0
8.351156369724144
8.779433170965996
8.877612668576083
97.62117700869933
97.55883816636111
100.08055544365209
100.07047245120877
99.10633848278476
8.877612668576083
8.547740141555215
8.204470365169627
8.547740141555215
8.877612668576083
99.10633848278476
100.07047245120877
100.08055544365209
101.62906345260429
101.4445153821652
100.07047245120877
97.62117700869933
8.321216361347343
0.0
8.321216361347343
97.62117700869933
100.07047245120877
101.4445153821652
101.62906345260429
103.10461279034091
101.62906345260429
100.08055544365209
97.55883816636111
7.699457937886824
0.0
7.699457937886824
97.55883816636111
100.08055544365209
101.62906345260429
103.10461279034091
103.5006309845751
102.09376041684283
100.7256723843514
98.65061696163194
95.46328569692118
0.0
95.46328569692118
98.65061696163194
100.7256723843514
102.09376041684283
103.5006309845751
102.09376041684283
101.96688826607803
100.70516372378243
98.79775682104014
9.27005361075737
0.0
9.270053610757373
98.79775682104014
100.70516372378243
101.96688826607803
102.09376041684283
100.7256723843514
100.70516372378243
99.98255513998845
97.62117700869933
9.49365929388899
9.148735593575397
9.49365929388899
97.62117700869933
99.98255513998845
100.70516372378243
100.7256723843514
98.65061696163194
98.79775682104014
97.62117700869933
9.731179881589384
9.304220684864061
0.0
9.304220684864061
9.731179881589384
97.62117700869933
98.79775682104014
98.65061696163194
95.46328569692118
9.27005361075737
9.49365929388899
9.304220684864061
8.715457591837083
0.0
8.715457591837083
9.304220684864061
9.49365929388899
9.27005361075737
95.46328569692118
0.0
0.0
9.148735593575397
0.0
0.0
0.0
0.0
0.0
9.148735593575397
0.0
0.0
95.46328569692118
9.270053610757373
9.49365929388899
9.304220684864061
8.715457591837083
0.0
8.715457591837083
9.304220684864061
9.49365929388899
9.270053610757373
95.46328569692118
98.65061696163194
98.79775682104014
97.62117700869933
9.731179881589384
9.304220684864061
0.0
9.304220684864061
9.731179881589384
97.62117700869933
98.79775682104014
98.65061696163194
100.7256723843514
100.70516372378243
99.98255513998845
97.62117700869933
9.49365929388899
9.148735593575397
9.49365929388899
97.62117700869933
99.98255513998845
100.70516372378243
100.7256723843514
102.09376041684283
101.96688826607803
100.70516372378243
98.79775682104014
9.27005361075737
0.0
9.270053610757373
98.79775682104014
100.70516372378243
101.96688826607803
102.09376041684283
103.5006309845751
102.09376041684283
100.7256723843514
98.65061696163194
95.46328569692118
0.0
95.46328569692118
98.65061696163194
100.7256723843514
102.09376041684283
103.5006309845751
103.88535647615768
102.55117937943643
101.26689062632005
99.58766398577843
96.60294941112197
0.0
96.60294941112197
99.58766398577843
101.26689062632005
102.55117937943643
103.88535647615768
102.55117937943643
102.44842870583481
101.3394331382631
99.6254506300313
96.83793609820309
0.0
96.83793609820309
99.6254506300313
101.3394331382631
102.44842870583481
102.55117937943643
101.26689062632005
101.3394331382631
100.6147332490983
99.03948883670535
10.438911615640244
10.086637696413863
10.438911615640244
99.03948883670535
100.6147332490983
101.3394331382631
101.26689062632005
99.58766398577843
99.6254506300313
99.03948883670535
96.52718035876386
10.248651472136068
0.0
10.248651472136068
96.52718035876386
99.03948883670535
99.6254506300313
99.58766398577843
96.60294941112197
96.83793609820309
10.438911615640244
10.248651472136068
9.65986842237447
0.0
9.65986842237447
10.248651472136068
10.438911615640244
96.83793609820309
96.60294941112197
0.0
0.0
10.086637696413863
0.0
0.0
0.0
0.0
0.0
10.086637696413863
0.0
0.0
96.60294941112197
96.83793609820309
10.438911615640244
10.248651472136068
9.65986842237447
0.0
9.65986842237447
10.248651472136068
10.438911615640244
96.83793609820309
96.60294941112197
99.58766398577843
99.6254506300313
99.03948883670535
96.52718035876386
10.248651472136068
0.0
10.248651472136068
96.52718035876386
99.03948883670535
99.6254506300313
99.58766398577843
101.26689062632005
101.3394331382631
100.6147332490983
99.03948883670535
10.438911615640244
10.086637696413863
10.438911615640244
99.03948883670535
100.6147332490983
101.3394331382631
101.26689062632005
102.55117937943643
102.44842870583481
101.3394331382631
99.6254506300313
96.83793609820309
0.0
96.83793609820309
99.6254506300313
101.3394331382631
102.44842870583481
102.55117937943643
103.88535647615768
102.55117937943643
101.26689062632005
99.58766398577843
96.60294941112197
0.0
96.60294941112197
99.58766398577843
101.26689062632005
102.55117937943643
103.88535647615767
104.25321377474576
102.98978730786075
101.79169867738118
100.31325081980015
97.96601296555149
0.0
97.96601296555149
100.31325081980015
101.79169867738118
102.98978730786075
104.25321377474576
102.98978730786075
102.91600000026679
101.91158669123249
100.41733746989632
98.09901567414445
0.0
98.09901567414445
100.41733746989632
101.91158669123249
102.91600000026679
102.98978730786075
101.79169867738118
101.91158669123249
101.24474837753914
99.91140658395503
97.23948956091725
11.022174862396549
97.23948956091725
99.91140658395503
101.24474837753914
101.91158669123249
101.79169867738118
100.31325081980015
100.41733746989634
99.91140658395503
98.44682800644006
11.18792396828432
0.0
11.18792396828432
98.44682800644006
99.91140658395503
100.41733746989634
100.31325081980015
97.96601296555149
98.09901567414445
97.23948956091725
11.18792396828432
10.601672159235768
0.0
10.601672159235768
11.18792396828432
97.23948956091725
98.09901567414445
97.96601296555149
0.0
0.0
11.022174862396547
0.0
0.0
0.0
0.0
0.0
11.022174862396549
0.0
0.0
97.96601296555149
98.09901567414445
97.23948956091725
11.18792396828432
10.601672159235768
0.0
10.601672159235768
11.18792396828432
97.23948956091725
98.09901567414445
97.96601296555149
100.31325081980015
100.41733746989632
99.91140658395503
98.44682800644006
11.18792396828432
0.0
11.18792396828432
98.44682800644006
99.91140658395503
100.41733746989632
100.31325081980015
101.79169867738118
101.91158669123249
101.24474837753914
99.91140658395503
97.23948956091725
11.022174862396547
97.23948956091725
99.91140658395503
101.24474837753914
101.91158669123249
101.79169867738118
102.98978730786075
102.91600000026679
101.91158669123249
100.41733746989632
98.09901567414445
0.0
98.09901567414445
100.41733746989632
101.91158669123249
102.91600000026679
102.98978730786075
104.25321377474576
102.98978730786075
101.79169867738118
100.31325081980015
97.96601296555149
0.0
97.96601296555149
100.31325081980015
101.79169867738118
102.98978730786075
104.25321377474576
104.61226553252878
103.41088896800066
102.30711724780728
100.9299802877755
99.03782133255378
0.0
99.03782133255378
100.9299802877755
102.30711724780728
103.41088896800066
104.61226553252878
103.41088896800066
103.37357447295744
102.43576894247617
101.14398710680139
99.112376308805
0.0
99.112376308805
101.14398710680139
102.43576894247617
103.37357447295744
103.41088896800066
102.30711724780728
102.43576894247617
101.8641502839331
100.62074680642932
98.67732492042394
11.956004772190266
98.67732492042394
100.62074680642932
101.8641502839331
102.43576894247617
102.30711724780728
100.9299802877755
101.14398710680139
100.62074680642932
99.5796883091098
96.83793609820309
0.0
96.83793609820309
99.5796883091098
100.62074680642932
101.14398710680139
100.9299802877755
99.03782133255378
99.112376308805
98.67732492042394
96.83793609820309
11.536815463822101
0.0
11.536815463822101
96.83793609820309
98.67732492042394
99.112376308805
99.03782133255378
0.0
0.0
11.956004772190266
0.0
0.0
0.0
0.0
0.0
11.956004772190266
0.0
0.0
99.03782133255378
99.112376308805
98.67732492042394
96.83793609820309
11.536815463822101
0.0
11.536815463822101
96.83793609820309
98.67732492042394
99.112376308805
99.03782133255378
100.9299802877755
101.14398710680139
100.62074680642932
99.5796883091098
96.83793609820309
0.0
96.83793609820309
99.5796883091098
100.62074680642932
101.14398710680139
100.9299802877755
102.30711724780728
102.43576894247617
101.8641502839331
100.62074680642932
98.67732492042394
11.956004772190266
98.67732492042394
100.62074680642932
101.8641502839331
102.43576894247617
102.30711724780728
103.41088896800066
103.37357447295744
102.43576894247617
101.14398710680139
99.112376308805
0.0
99.112376308805
101.14398710680139
102.43576894247617
103.37357447295744
103.41088896800066
104.61226553252878
103.41088896800066
102.30711724780728
100.9299802877755
99.03782133255378
0.0
99.03782133255378
100.9299802877755
102.30711724780728
103.41088896800066
104.61226553252878
104.95112165774948
103.81970553347838
102.79507264244491
101.5303107980575
99.85373294908904
0.0
99.85373294908904
101.5303107980575
102.79507264244491
103.81970553347838
104.95112165774948
103.81970553347838
103.81222747138311
102.94857046614109
101.76636094488487
100.05720591308295
0.0
100.05720591308295
101.76636094488487
102.94857046614109
103.81222747138311
103.81970553347838
102.79507264244491
102.94857046614109
102.43177819899842
101.3231319257588
99.62437050473753
97.37562302817713
99.62437050473753
101.3231319257588
102.43177819899842
102.94857046614109
102.79507264244491
101.5303107980575
101.76636094488487
101.3231319257588
100.36682849915678
98.55889649215726
0.0
98.55889649215726
100.36682849915678
101.3231319257588
101.76636094488487
101.5303107980575
99.85373294908904
100.05720591308295
99.62437050473753
98.55889649215726
95.46328569692118
0.0
95.46328569692118
98.55889649215726
99.62437050473753
100.05720591308295
99.85373294908904
0.0
0.0
97.37562302817713
0.0
0.0
0.0
0.0
0.0
97.37562302817713
0.0
0.0
99.85373294908904
100.05720591308295
99.62437050473753
98.55889649215726
95.46328569692118
0.0
95.46328569692118
98.55889649215726
99.62437050473753
100.05720591308295
99.85373294908904
101.5303107980575
101.76636094488487
101.3231319257588
100.36682849915678
98.55889649215726
0.0
98.55889649215726
100.36682849915678
101.3231319257588
101.76636094488487
101.5303107980575
102.79507264244491
102.94857046614109
102.43177819899842
101.3231319257588
99.62437050473753
97.37562302817713
99.62437050473753
101.3231319257588
102.43177819899842
102.94857046614109
102.79507264244491
103.81970553347838
103.81222747138311
102.94857046614109
101.76636094488487
100.05720591308295
0.0
100.05720591308295
101.76636094488487
102.94857046614109
103.81222747138311
103.81970553347838
104.95112165774948
103.81970553347838
102.79507264244491
101.5303107980575
99.85373294908904
0.0
99.85373294908904
101.5303107980575
102.79507264244491
103.81970553347838
104.95112165774948
105.27940278407863
104.21958099443458
103.2618984161419
102.10587459192159
100.56966602923244
0.0
100.56966602923244
102.10587459192159
103.2618984161419
104.21958099443458
105.27940278407863
104.21958099443458
104.23423293486297
103.44681100832
102.34155934073216
100.86107153405335
0.0
100.86107153405335
102.34155934073216
103.44681100832
104.23423293486297
104.21958099443458
103.2618984161419
103.44681100832
102.96659005441299
101.9821083076466
100.45397550518922
98.81683017282624
100.45397550518922
101.9821083076466
102.96659005441299
103.44681100832
103.2618984161419
102.10587459192159
102.34155934073216
101.9821083076466
101.07408622848108
99.63648557754587
0.0
99.63648557754587
101.07408622848108
101.9821083076466
102.34155934073216
102.10587459192159
100.56966602923244
100.86107153405335
100.45397550518922
99.63648557754587
97.74138920841412
0.0
97.74138920841412
99.63648557754587
100.45397550518922
100.86107153405335
100.56966602923244
0.0
0.0
98.81683017282624
0.0
0.0
0.0
0.0
0.0
98.81683017282624
0.0
0.0
100.56966602923244
100.86107153405335
100.45397550518922
99.63648557754587
97.74138920841412
0.0
97.74138920841412
99.63648557754587
100.45397550518922
100.86107153405335
100.56966602923244
102.10587459192159
102.34155934073216
101.9821083076466
101.07408622848108
99.63648557754587
0.0
99.63648557754587
101.07408622848108
101.9821083076466
102.34155934073216
102.10587459192159
103.2618984161419
103.44681100832
102.96659005441299
101.9821083076466
100.45397550518922
98.81683017282624
100.45397550518922
101.9821083076466
102.96659005441299
103.44681100832
103.2618984161419
104.21958099443458
104.23423293486297
103.44681100832
102.34155934073216
100.86107153405335
0.0
100.86107153405335
102.34155934073216
103.44681100832
104.23423293486297
104.21958099443457
105.27940278407863
104.21958099443458
103.2618984161419
102.10587459192159
100.56966602923244
0.0
100.56966602923244
102.10587459192159
103.2618984161419
104.21958099443457
105.27940278407863
105.57745892841189
104.60382104613046
103.71790606734108
102.64221247097159
101.24978721326409
0.0
101.24978721326409
102.64221247097159
103.71790606734108
104.60382104613046
105.57745892841189
104.60382104613046
104.64789069193426
103.92160753973016
102.90503118174668
101.54093142258533
0.0
101.54093142258533
102.90503118174668
103.92160753973016
104.64789069193426
104.60382104613046
103.71790606734108
103.92160753973016
103.49041087103842
102.57902411985269
101.24406484913986
99.85951498615725
101.24406484913986
102.57902411985269
103.49041087103842
103.92160753973016
103.71790606734108
102.64221247097159
102.90503118174668
102.57902411985269
101.77262924967194
100.45504377217065
0.0
100.45504377217065
101.77262924967194
102.57902411985269
102.90503118174668
102.64221247097159
101.24978721326409
101.54093142258533
101.24406484913986
100.45504377217065
99.12187295896952
0.0
99.12187295896952
100.45504377217065
101.24406484913986
101.54093142258533
101.24978721326409
0.0
0.0
99.85951498615725
0.0
0.0
0.0
0.0
0.0
99.85951498615725
0.0
0.0
101.24978721326409
101.54093142258533
101.24406484913986
100.45504377217065
99.12187295896952
0.0
99.12187295896952
100.45504377217065
101.24406484913986
101.54093142258533
101.24978721326409
102.64221247097159
102.90503118174668
102.57902411985269
101.77262924967194
100.45504377217065
0.0
100.45504377217065
101.77262924967194
102.57902411985269
102.90503118174668
102.64221247097159
103.71790606734108
103.92160753973016
103.49041087103842
102.57902411985269
101.24406484913986
99.85951498615725
101.24406484913986
102.57902411985269
103.49041087103842
103.92160753973016
103.71790606734108
104.60382104613046
104.64789069193426
103.92160753973016
102.90503118174668
101.54093142258533
0.0
101.54093142258533
102.90503118174668
103.92160753973016
104.64789069193426
104.60382104613046
105.57745892841189
104.60382104613046
103.71790606734108
102.64221247097159
101.24978721326409
0.0
101.24978721326409
102.64221247097159
103.71790606734108
104.60382104613046
105.57745892841189
105.86338566695579
104.97752262186704
104.16176081953255
103.15608877423992
101.8759824014413
0.0
101.8759824014413
103.15608877423992
104.16176081953255
104.97752262186704
105.86338566695579
104.97752262186704
105.05011277615046
104.38045513563823
103.4463331398968
102.17508515664039
0.0
102.17508515664039
103.4463331398968
104.38045513563823
105.05011277615046
104.97752262186704
104.16176081953255
104.38045513563823
103.99554797550972
103.14780046243726
101.94972442295158
100.78871241083216
101.94972442295158
103.14780046243726
103.99554797550972
104.38045513563823
104.16176081953255
103.15608877423992
103.4463331398968
103.14780046243726
102.42495098428047
101.21981183847116
0.0
101.21981183847116
102.42495098428047
103.14780046243726
103.4463331398968
103.15608877423992
101.8759824014413
102.17508515664039
101.94972442295158
101.21981183847116
100.08083582993619
0.0
100.08083582993619
101.21981183847116
101.94972442295158
102.17508515664039
101.8759824014413
0.0
0.0
100.78871241083216
0.0
0.0
0.0
0.0
0.0
100.78871241083216
0.0
0.0
101.8759824014413
102.17508515664039
101.94972442295159
101.21981183847116
100.08083582993619
0.0
100.08083582993619
101.21981183847116
101.94972442295158
102.17508515664039
101.8759824014413
103.15608877423992
103.4463331398968
103.14780046243726
102.42495098428047
101.21981183847116
0.0
101.21981183847116
102.42495098428047
103.14780046243726
103.4463331398968
103.15608877423992
104.16176081953255
104.38045513563823
103.99554797550972
103.14780046243726
101.94972442295158
100.78871241083216
101.94972442295158
103.14780046243726
103.99554797550972
104.38045513563823
104.16176081953255
104.97752262186704
105.05011277615046
104.38045513563823
103.4463331398968
102.17508515664039
0.0
102.17508515664039
103.4463331398968
104.38045513563823
105.05011277615046
104.97752262186704
105.86338566695579
104.97752262186704
104.16176081953255
103.15608877423992
101.8759824014413
0.0
101.8759824014413
103.15608877423992
104.16176081953255
104.97752262186704
105.86338566695579
106.09510118917959
105.33585222311753
104.58991928830285
103.65750811468229
102.45209418623138
0.0
102.45209418623138
103.65750811468229
104.58991928830285
105.33585222311753
106.09510118917959
105.33585222311753
105.44055910954116
104.8305895596381
103.96036099970327
102.78701603049429
0.0
102.78701603049429
103.96036099970327
104.8305895596381
105.44055910954116
105.33585222311753
104.58991928830285
104.8305895596381
104.4786946347719
103.70281348021334
102.5859798900327
101.61760705537777
102.5859798900327
103.70281348021334
104.4786946347719
104.8305895596381
104.58991928830285
103.65750811468229
103.96036099970327
103.70281348021334
103.02795894936582
101.95054073448809
0.0
101.95054073448809
103.02795894936582
103.70281348021334
103.96036099970327
103.65750811468229
102.45209418623138
102.78701603049429
102.5859798900327
101.95054073448809
100.86393819359446
0.0
100.86393819359446
101.95054073448809
102.5859798900327
102.78701603049429
102.45209418623138
0.0
0.0
101.61760705537777
0.0
0.0
0.0
0.0
0.0
101.61760705537777
0.0
0.0
102.45209418623138
102.78701603049429
102.5859798900327
101.95054073448809
100.86393819359446
0.0
100.86393819359446
101.95054073448809
102.5859798900327
102.78701603049429
102.45209418623138
103.65750811468229
103.96036099970327
103.70281348021334
103.02795894936582
101.95054073448809
0.0
101.95054073448809
103.02795894936582
103.70281348021334
103.96036099970327
103.65750811468229
104.58991928830285
104.8305895596381
104.4786946347719
103.70281348021334
102.5859798900327
101.61760705537777
102.5859798900327
103.70281348021334
104.4786946347719
104.83058955963809
104.58991928830285
105.33585222311753
105.44055910954116
104.8305895596381
103.96036099970327
102.78701603049429
0.0
102.78701603049429
103.96036099970327
104.83058955963809
105.44055910954116
105.33585222311751
106.09510118917959
105.33585222311753
104.58991928830285
103.65750811468229
102.45209418623138
0.0
102.45209418623138
103.65750811468229
104.58991928830285
105.33585222311751
106.09510118917959
106.3046392086112
105.68421358338804
105.00774108947736
104.1420971187757
103.00297619870739
0.0
103.00297619870739
104.1420971187757
105.00774108947736
105.68421358338804
106.3046392086112
105.68421358338804
105.81757754155076
105.26834114939062
104.45835276810972
103.36500686061025
0.0
103.36500686061025
104.45835276810972
105.26834114939062
105.81757754155076
105.68421358338804
105.00774108947736
105.26834114939062
104.94917951839274
104.23464022873178
103.19414380788848
102.33779800268009
103.19414380788848
104.23464022873178
104.94917951839274
105.26834114939062
105.00774108947736
104.1420971187757
104.45835276810972
104.23464022873178
103.6091364591363
102.61956737198716
0.0
102.61956737198716
103.6091364591363
104.23464022873178
104.45835276810972
104.1420971187757
103.00297619870739
103.36500686061025
103.19414380788848
102.61956737198716
101.59775598410562
0.0
101.59775598410562
102.61956737198716
103.19414380788848
103.36500686061025
103.00297619870739
0.0
0.0
102.33779800268009
0.0
0.0
0.0
0.0
0.0
102.33779800268009
0.0
0.0
103.00297619870739
103.36500686061025
103.19414380788848
102.61956737198716
101.59775598410562
0.0
101.59775598410562
102.61956737198716
103.19414380788848
103.36500686061025
103.00297619870739
104.1420971187757
104.45835276810972
104.23464022873178
103.6091364591363
102.61956737198716
0.0
102.61956737198716
103.6091364591363
104.23464022873178
104.45835276810972
104.1420971187757
105.00774108947736
105.26834114939062
104.94917951839274
104.23464022873178
103.19414380788848
102.33779800268009
103.19414380788848
104.23464022873178
104.94917951839274
105.26834114939062
105.00774108947736
105.68421358338804
105.81757754155076
105.26834114939062
104.45835276810972
103.36500686061025
0.0
103.36500686061025
104.45835276810972
105.26834114939062
105.81757754155076
105.68421358338804
106.3046392086112
105.68421358338804
105.00774108947736
104.1420971187757
103.00297619870739
0.0
103.00297619870739
104.1420971187757
105.00774108947736
105.68421358338804
106.3046392086112
106.38611727616464
106.00988617851237
105.41541955121512
104.60943002252304
103.53639830361017
0.0
103.53639830361017
104.60943002252304
105.41541955121512
106.00988617851237
106.38611727616464
106.00988617851237
106.18542118070168
105.69382616838236
104.94470824993365
103.91320707145657
0.0
103.91320707145657
104.94470824993365
105.69382616838236
106.18542118070168
106.00988617851237
105.41541955121512
105.69382616838236
105.41045178007606
104.74440764235561
103.7819440662239
102.99425127781755
103.7819440662239
104.74440764235561
105.41045178007606
105.69382616838236
105.41541955121512
104.60943002252304
104.94470824993365
104.74440764235561
104.17275457188494
103.24251972063506
0.0
103.24251972063506
104.17275457188494
104.74440764235561
104.94470824993365
104.60943002252304
103.53639830361017
103.91320707145657
103.7819440662239
103.24251972063506
102.29211342639879
0.0
102.29211342639879
103.24251972063506
103.7819440662239
103.91320707145657
103.53639830361017
0.0
0.0
102.99425127781755
0.0
0.0
0.0
0.0
0.0
102.99425127781755
0.0
0.0
103.53639830361017
103.91320707145657
103.7819440662239
103.24251972063506
102.29211342639879
0.0
102.29211342639879
103.24251972063506
103.7819440662239
103.91320707145657
103.53639830361017
104.60943002252304
104.94470824993365
104.74440764235561
104.17275457188494
103.24251972063506
0.0
103.24251972063506
104.17275457188494
104.74440764235561
104.94470824993365
104.60943002252304
105.41541955121512
105.69382616838236
105.41045178007606
104.74440764235561
103.7819440662239
102.99425127781755
103.7819440662239
104.74440764235561
105.41045178007606
105.69382616838236
105.41541955121512
106.00988617851237
106.18542118070168
105.69382616838236
104.94470824993365
103.91320707145657
0.0
103.91320707145657
104.94470824993365
105.69382616838236
106.18542118070168
106.00988617851237
106.38611727616464
106.00988617851237
105.41541955121512
104.60943002252304
103.53639830361017
0.0
103.53639830361017
104.60943002252304
105.41541955121512
106.00988617851237
106.38611727616464
