0.0
0.0
0.0
0.0
0.0
0.0
0.0
0.0
0.0
0.0
0.0
0.0
0.0
0.0
0.0
0.0
0.0
0.0
0.0
0.0
0.0
0.0
0.0
0.0
0.0
0.0
0.0
0.0
0.0
0.0
0.0
0.0
0.0
0.0
0.0
0.0
0.0
0.0
0.0
0.0
0.0
0.0
0.0
0.0
0.0
0.0
0.0
0.0
0.0
0.0
0.0
0.0
0.0
0.0
0.0
0.0
0.0
0.0
0.0
0.0
0.0
0.0
0.0
0.0
0.0
0.0
0.0
0.0
0.0
0.0
0.0
0.0
0.0
0.0
0.0
0.0
0.0
0.0
0.0
0.0
0.0
0.0
0.0
0.0
0.0
0.0
0.0
0.0
0.0
0.0
0.0
0.0
0.0
0.0
0.0
0.0
0.0
0.0
0.0
0.0
0.0
0.0
0.0
0.0
0.0
0.0
0.0
0.0
0.0
0.0
0.0
0.0
0.0
0.0
0.0
0.0
0.0
0.0
0.0
0.0
0.0
116.7681163302969
1.791759469228055
1.791759469228055
1.791759469228055
1.3862943611198906
0.0
1.3862943611198906
1.791759469228055
1.791759469228055
1.791759469228055
116.7681163302969
1.791759469228055
2.1972245773362196
2.1972245773362196
2.1972245773362196
1.9459101490553132
0.0
1.9459101490553132
2.1972245773362196
2.1972245773362196
2.1972245773362196
1.791759469228055
1.791759469228055
2.1972245773362196
2.1972245773362196
2.1972245773362196
1.9459101490553132
1.9459101490553132
1.9459101490553132
2.1972245773362196
2.1972245773362196
2.1972245773362196
1.791759469228055
1.791759469228055
2.1972245773362196
2.1972245773362196
2.1972245773362196
1.9459101490553132
0.0
1.9459101490553132
2.1972245773362196
2.1972245773362196
2.1972245773362196
1.791759469228055
1.3862943611198906
1.9459101490553132
1.9459101490553132
1.9459101490553132
1.3862943611198906
0.0
1.3862943611198906
1.9459101490553132
1.9459101490553132
1.9459101490553132
1.3862943611198906
0.0
0.0
1.9459101490553132
0.0
0.0
0.0
0.0
0.0
1.9459101490553132
0.0
0.0
1.3862943611198906
1.9459101490553132
1.9459101490553132
1.9459101490553132
1.3862943611198906
0.0
1.3862943611198906
1.9459101490553132
1.9459101490553132
1.9459101490553132
1.3862943611198906
1.791759469228055
2.1972245773362196
2.1972245773362196
2.1972245773362196
1.9459101490553132
0.0
1.9459101490553132
2.1972245773362196
2.1972245773362196
2.1972245773362196
1.791759469228055
1.791759469228055
2.1972245773362196
2.1972245773362196
2.1972245773362196
1.9459101490553132
1.9459101490553132
1.9459101490553132
2.1972245773362196
2.1972245773362196
2.1972245773362196
1.791759469228055
1.791759469228055
2.1972245773362196
2.1972245773362196
2.1972245773362196
1.9459101490553132
0.0
1.9459101490553132
2.1972245773362196
2.1972245773362196
2.1972245773362196
1.791759469228055
116.7681163302969
1.791759469228055
1.791759469228055
1.791759469228055
1.3862943611198906
0.0
1.3862943611198906
1.791759469228055
1.791759469228055
1.791759469228055
116.7681163302969
117.14771161598914
2.3881618587906757
2.3881618587906757
2.3881618587906757
1.9380120147417799
0.0
1.9380120147417799
2.3881618587906757
2.3881618587906757
2.3881618587906757
117.14771161598914
2.3881618587906757
2.821641141991172
2.821641141991172
2.821641141991172
2.5545184544898536
0.0
2.5545184544898536
2.821641141991172
2.821641141991172
2.821641141991172
2.3881618587906757
2.3881618587906757
2.821641141991172
2.821641141991172
2.821641141991172
2.5545184544898536
2.5545184544898536
2.5545184544898536
2.821641141991172
2.821641141991172
2.821641141991172
2.3881618587906757
2.3881618587906757
2.821641141991172
2.821641141991172
2.821641141991172
2.5545184544898536
0.0
2.5545184544898536
2.821641141991172
2.821641141991172
2.821641141991172
2.3881618587906757
1.9380120147417799
2.5545184544898536
2.5545184544898536
2.5545184544898536
1.9380120147417799
0.0
1.9380120147417799
2.5545184544898536
2.5545184544898536
2.5545184544898536
1.9380120147417799
0.0
0.0
2.5545184544898536
0.0
0.0
0.0
0.0
0.0
2.5545184544898536
0.0
0.0
1.9380120147417799
2.5545184544898536
2.5545184544898536
2.5545184544898536
1.9380120147417799
0.0
1.9380120147417799
2.5545184544898536
2.5545184544898536
2.5545184544898536
1.9380120147417799
2.3881618587906757
2.821641141991172
2.821641141991172
2.821641141991172
2.5545184544898536
0.0
2.5545184544898536
2.821641141991172
2.821641141991172
2.821641141991172
2.3881618587906757
2.3881618587906757
2.821641141991172
2.821641141991172
2.821641141991172
2.5545184544898536
2.5545184544898536
2.5545184544898536
2.821641141991172
2.821641141991172
2.821641141991172
2.3881618587906757
2.3881618587906757
2.821641141991172
2.821641141991172
2.821641141991172
2.5545184544898536
0.0
2.5545184544898536
2.821641141991172
2.821641141991172
2.821641141991172
2.3881618587906757
117.14771161598914
2.3881618587906757
2.3881618587906757
2.3881618587906757
1.9380120147417799
0.0
1.9380120147417799
2.3881618587906757
2.3881618587906757
2.3881618587906757
117.14771161598914
117.50112764081938
115.50167012003942
3.5033835808838436
3.4429523660314936
3.0238428391882968
0.0
3.0238428391882968
3.4429523660314936
3.5033835808838436
115.50167012003944
117.50112764081938
115.50167012003942
3.9066604544228065
3.9635436239578703
3.926009561879465
3.559768676492807
0.0
3.559768676492807
3.926009561879465
3.9635436239578703
3.9066604544228065
115.50167012003944
3.5033835808838436
3.9635436239578703
4.0173645097744135
3.981832534297858
3.7828327879074264
3.4101845344607735
3.7828327879074264
3.981832534297858
4.0173645097744135
3.9635436239578703
3.5033835808838436
3.4429523660314936
3.926009561879465
3.981832534297858
3.944991376915836
3.559768676492807
0.0
3.559768676492807
3.944991376915836
3.981832534297858
3.926009561879465
3.4429523660314936
3.0238428391882968
3.559768676492807
3.7828327879074264
3.559768676492807
3.069997049967553
0.0
3.069997049967553
3.559768676492807
3.7828327879074264
3.559768676492807
3.0238428391882968
0.0
0.0
3.4101845344607735
0.0
0.0
0.0
0.0
0.0
3.4101845344607735
0.0
0.0
3.0238428391882968
3.559768676492807
3.7828327879074264
3.559768676492807
3.069997049967553
0.0
3.069997049967553
3.559768676492807
3.7828327879074264
3.559768676492807
3.0238428391882968
3.4429523660314936
3.926009561879465
3.981832534297858
3.944991376915836
3.559768676492807
0.0
3.559768676492807
3.944991376915836
3.981832534297858
3.926009561879465
3.4429523660314936
3.5033835808838436
3.9635436239578703
4.0173645097744135
3.981832534297858
3.7828327879074264
3.4101845344607735
3.7828327879074264
3.981832534297858
4.0173645097744135
3.9635436239578703
3.5033835808838436
115.50167012003944
3.9066604544228065
3.9635436239578703
3.926009561879465
3.559768676492807
0.0
3.559768676492807
3.926009561879465
3.9635436239578703
3.9066604544228065
115.50167012003944
117.50112764081938
115.50167012003944
3.5033835808838436
3.4429523660314936
3.0238428391882968
0.0
3.0238428391882968
3.4429523660314936
3.5033835808838436
115.50167012003944
117.50112764081938
117.87018200216603
116.05645897898182
4.469375658940464
4.37795544873608
3.950068000275936
0.0
3.950068000275936
4.37795544873608
4.469375658940464
116.05645897898182
117.87018200216603
116.05645897898182
115.50167012003942
4.939071421053861
4.8683864059280415
4.5128106658117595
0.0
4.5128106658117595
4.8683864059280415
4.939071421053861
115.50167012003944
116.05645897898182
4.469375658940464
4.939071421053861
5.03651113137119
4.972674041706012
4.7351167532624885
4.404247918490736
4.7351167532624885
4.972674041706012
5.03651113137119
4.939071421053861
4.469375658940464
4.37795544873608
4.8683864059280415
4.972674041706012
4.897179198256537
4.523410956315538
0.0
4.523410956315538
4.897179198256537
4.972674041706012
4.8683864059280415
4.37795544873608
3.950068000275936
4.5128106658117595
4.7351167532624885
4.523410956315538
4.003255930398937
0.0
4.003255930398937
4.523410956315538
4.7351167532624885
4.5128106658117595
3.950068000275936
0.0
0.0
4.404247918490736
0.0
0.0
0.0
0.0
0.0
4.404247918490736
0.0
0.0
3.950068000275936
4.5128106658117595
4.7351167532624885
4.523410956315538
4.003255930398937
0.0
4.003255930398937
4.523410956315538
4.7351167532624885
4.5128106658117595
3.950068000275936
4.37795544873608
4.8683864059280415
4.972674041706012
4.897179198256537
4.523410956315538
0.0
4.523410956315538
4.897179198256537
4.972674041706012
4.8683864059280415
4.37795544873608
4.469375658940464
4.939071421053861
5.03651113137119
4.972674041706012
4.7351167532624885
4.404247918490736
4.7351167532624885
4.972674041706012
5.03651113137119
4.939071421053861
4.469375658940464
116.05645897898182
115.50167012003944
4.939071421053861
4.8683864059280415
4.5128106658117595
0.0
4.5128106658117595
4.8683864059280415
4.939071421053861
115.50167012003944
116.05645897898182
117.87018200216603
116.05645897898182
4.469375658940464
4.37795544873608
3.950068000275936
0.0
3.950068000275936
4.37795544873608
4.469375658940464
116.05645897898182
117.87018200216603
118.21715244106088
116.4418622590308
114.2478854690179
5.327550779224285
4.870686018787745
0.0
4.870686018787745
5.327550779224285
114.2478854690179
116.4418622590308
118.21715244106088
116.4418622590308
116.33996397114578
5.910492057777282
5.818657637813879
5.4709556625302485
0.0
5.4709556625302485
5.818657637813879
5.910492057777282
116.33996397114578
116.4418622590308
114.2478854690179
5.910492057777282
6.030586393395973
5.9642660607547855
5.669582481714639
5.3615461229425065
5.669582481714639
5.9642660607547855
6.030586393395973
5.910492057777282
114.2478854690179
5.327550779224285
5.818657637813879
5.9642660607547855
5.84827865296113
5.490460513416521
0.0
5.490460513416521
5.84827865296113
5.9642660607547855
5.818657637813879
5.327550779224285
4.870686018787745
5.4709556625302485
5.669582481714639
5.490460513416521
4.918628451000434
0.0
4.918628451000434
5.490460513416521
5.669582481714639
5.4709556625302485
4.870686018787745
0.0
0.0
5.3615461229425065
0.0
0.0
0.0
0.0
0.0
5.3615461229425065
0.0
0.0
4.870686018787745
5.4709556625302485
5.669582481714639
5.490460513416521
4.918628451000434
0.0
4.918628451000434
5.490460513416521
5.669582481714639
5.4709556625302485
4.870686018787745
5.327550779224285
5.818657637813879
5.9642660607547855
5.848278652961129
5.490460513416521
0.0
5.490460513416521
5.84827865296113
5.9642660607547855
5.818657637813879
5.327550779224285
114.2478854690179
5.910492057777282
6.030586393395973
5.9642660607547855
5.669582481714639
5.3615461229425065
5.669582481714639
5.9642660607547855
6.030586393395973
5.910492057777282
114.2478854690179
116.4418622590308
116.33996397114578
5.910492057777282
5.818657637813879
5.4709556625302485
0.0
5.4709556625302485
5.818657637813879
5.910492057777282
116.33996397114578
116.4418622590308
118.21715244106088
116.4418622590308
114.2478854690179
5.327550779224285
4.870686018787745
0.0
4.870686018787745
5.327550779224285
114.2478854690179
116.4418622590308
118.21715244106088
118.517564614049
116.95379867676202
114.95146184502505
6.286210551160302
5.818239798975529
0.0
5.818239798975529
6.286210551160302
114.95146184502505
116.95379867676202
118.517564614049
116.95379867676202
116.81251797613459
114.94103264957785
6.801227331416763
6.427292810945354
0.0
6.427292810945354
6.801227331416763
114.94103264957785
116.81251797613459
116.95379867676202
114.95146184502505
114.94103264957785
7.027545386498166
6.9499731538010305
6.63761400603694
6.31870670255649
6.63761400603694
6.949973153801031
7.027545386498166
114.94103264957785
114.95146184502505
6.286210551160302
6.801227331416763
6.9499731538010305
6.842452767241601
6.450269338324621
0.0
6.450269338324621
6.842452767241601
6.9499731538010305
6.801227331416763
6.286210551160302
5.818239798975529
6.427292810945354
6.63761400603694
6.450269338324621
5.875136098723944
0.0
5.875136098723944
6.450269338324621
6.63761400603694
6.427292810945354
5.818239798975529
0.0
0.0
6.31870670255649
0.0
0.0
0.0
0.0
0.0
6.31870670255649
0.0
0.0
5.818239798975529
6.427292810945354
6.63761400603694
6.450269338324621
5.875136098723944
0.0
5.875136098723944
6.450269338324621
6.63761400603694
6.427292810945354
5.818239798975529
6.286210551160302
6.801227331416763
6.949973153801031
6.8424527672416
6.450269338324621
0.0
6.450269338324621
6.842452767241601
6.949973153801031
6.801227331416763
6.286210551160302
114.95146184502505
114.94103264957785
7.027545386498166
6.9499731538010305
6.63761400603694
6.31870670255649
6.63761400603694
6.949973153801031
7.027545386498166
114.94103264957785
114.95146184502505
116.95379867676202
116.81251797613459
114.94103264957785
6.801227331416763
6.427292810945354
0.0
6.427292810945354
6.801227331416763
114.94103264957785
116.81251797613459
116.95379867676202
118.517564614049
116.95379867676202
114.95146184502505
6.286210551160302
5.818239798975529
0.0
5.818239798975529
6.286210551160302
114.95146184502505
116.95379867676202
118.517564614049
118.81985159699876
117.3934079204895
115.66289487554886
113.00664163470968
6.7587638226149
0.0
6.7587638226149
113.00664163470968
115.66289487554886
117.3934079204895
118.81985159699876
117.3934079204895
117.20099745086215
115.8346983303255
7.76767255652336
7.36996606824388
0.0
7.36996606824388
7.76767255652336
115.8346983303255
117.20099745086215
117.3934079204895
115.66289487554886
115.8346983303255
114.2478854690179
7.91155383965771
7.595290457422829
7.257851858712852
7.595290457422829
7.91155383965771
114.2478854690179
115.8346983303255
115.66289487554886
113.00664163470968
7.76767255652336
7.91155383965771
7.817362152395295
7.395243882653043
0.0
7.395243882653043
7.817362152395295
7.91155383965771
7.76767255652336
113.00664163470968
6.7587638226149
7.36996606824388
7.595290457422829
7.395243882653043
6.826662698342787
0.0
6.826662698342787
7.395243882653043
7.595290457422829
7.36996606824388
6.7587638226149
0.0
0.0
7.257851858712852
0.0
0.0
0.0
0.0
0.0
7.257851858712852
0.0
0.0
6.7587638226149
7.36996606824388
7.595290457422829
7.395243882653043
6.826662698342787
0.0
6.826662698342787
7.395243882653043
7.595290457422829
7.36996606824388
6.7587638226149
113.00664163470968
7.76767255652336
7.91155383965771
7.817362152395295
7.395243882653043
0.0
7.395243882653043
7.817362152395295
7.91155383965771
7.76767255652336
113.00664163470968
115.66289487554886
115.8346983303255
114.2478854690179
7.91155383965771
7.595290457422829
7.257851858712852
7.595290457422829
7.91155383965771
114.2478854690179
115.8346983303255
115.66289487554886
117.3934079204895
117.20099745086215
115.8346983303255
7.76767255652336
7.36996606824388
0.0
7.36996606824388
7.76767255652336
115.8346983303255
117.20099745086215
117.3934079204895
118.81985159699876
117.3934079204895
115.66289487554886
113.00664163470968
6.7587638226149
0.0
6.7587638226149
113.00664163470968
115.66289487554886
117.3934079204895
118.81985159699876
119.12897396628883
117.74697227160932
116.3582026752736
113.83930106736639
7.699457937886824
0.0
7.699457937886824
113.83930106736639
116.3582026752736
117.74697227160932
119.12897396628883
117.74697227160932
117.65680671135033
116.34811989187163
114.10063828464516
8.321216361347343
0.0
8.321216361347343
114.10063828464516
116.34811989187163
117.65680671135033
117.74697227160932
116.3582026752736
116.34811989187163
115.56436285647753
8.877612668576083
8.547740141555215
8.204470365169627
8.547740141555215
8.877612668576083
115.56436285647753
116.34811989187163
116.3582026752736
113.83930106736639
114.10063828464516
8.877612668576083
8.779433170965996
8.351156369724144
0.0
8.351156369724144
8.779433170965996
8.877612668576083
114.10063828464516
113.83930106736639
7.699457937886824
8.321216361347343
8.547740141555215
8.351156369724144
7.772704228156097
0.0
7.772704228156097
8.351156369724144
8.547740141555215
8.321216361347343
7.699457937886824
0.0
0.0
8.204470365169627
0.0
0.0
0.0
0.0
0.0
8.204470365169627
0.0
0.0
7.699457937886824
8.321216361347343
8.547740141555215
8.351156369724144
7.772704228156097
0.0
7.772704228156097
8.351156369724144
8.547740141555215
8.321216361347343
7.699457937886824
113.83930106736639
114.10063828464516
8.877612668576083
8.779433170965996
8.351156369724144
0.0
8.351156369724144
8.779433170965996
8.877612668576083
114.10063828464516
113.83930106736639
116.3582026752736
116.34811989187163
115.56436285647753
8.877612668576083
8.547740141555215
8.204470365169627
8.547740141555215
8.877612668576083
115.56436285647753
116.34811989187163
116.3582026752736
117.74697227160932
117.65680671135033
116.34811989187163
114.10063828464516
8.321216361347343
0.0
8.321216361347343
114.10063828464516
116.34811989187163
117.65680671135033
117.74697227160932
119.12897396628883
117.74697227160932
116.3582026752736
113.83930106736639
7.699457937886824
0.0
7.699457937886824
113.83930106736639
116.3582026752736
117.74697227160932
119.12897396628883
119.40464978100218
118.10394161248283
116.88534547045214
114.91056576174324
111.77780719964301
0.0
111.77780719964301
114.91056576174324
116.88534547045214
118.10394161248283
119.40464978100218
118.10394161248283
118.05899407802892
116.88240269344764
115.08294730703506
9.27005361075737
0.0
9.270053610757373
115.08294730703506
116.88240269344766
118.05899407802892
118.10394161248283
116.88534547045214
116.88240269344764
116.26360675822121
114.10063828464516
9.49365929388899
9.148735593575397
9.49365929388899
114.10063828464516
116.26360675822121
116.88240269344766
116.88534547045214
114.91056576174324
115.08294730703506
114.10063828464516
9.731179881589384
9.304220684864061
0.0
9.304220684864061
9.731179881589384
114.10063828464516
115.08294730703506
114.91056576174324
111.77780719964301
9.27005361075737
9.49365929388899
9.304220684864061
8.715457591837083
0.0
8.715457591837083
9.304220684864061
9.49365929388899
9.27005361075737
111.77780719964301
0.0
0.0
9.148735593575397
0.0
0.0
0.0
0.0
0.0
9.148735593575397
0.0
0.0
111.77780719964301
9.270053610757373
9.49365929388899
9.304220684864061
8.715457591837083
0.0
8.715457591837083
9.304220684864061
9.49365929388899
9.270053610757373
111.77780719964301
114.91056576174324
115.08294730703506
114.10063828464516
9.731179881589384
9.304220684864061
0.0
9.304220684864061
9.731179881589384
114.10063828464516
115.08294730703506
114.91056576174324
116.88534547045214
116.88240269344766
116.26360675822121
114.10063828464516
9.49365929388899
9.148735593575397
9.49365929388899
114.10063828464516
116.26360675822121
116.88240269344766
116.88534547045214
118.10394161248283
118.05899407802892
116.88240269344766
115.08294730703506
9.27005361075737
0.0
9.270053610757373
115.08294730703506
116.88240269344766
118.05899407802892
118.10394161248283
119.40464978100218
118.10394161248283
116.88534547045214
114.91056576174324
111.77780719964301
0.0
111.77780719964301
114.91056576174324
116.88534547045214
118.10394161248283
119.40464978100218
119.67038775129262
118.46880883412155
117.29483566536217
115.75910618687047
112.72428508030411
0.0
112.72428508030411
115.75910618687047
117.29483566536217
118.46880883412155
119.67038775129262
118.46880883412155
118.42243288100185
117.42589154097294
115.77986206050267
113.15245760092492
0.0
113.15245760092492
115.77986206050267
117.42589154097294
118.42243288100185
118.46880883412155
117.29483566536217
117.42589154097294
116.74337744492723
115.33111902906374
10.438911615640244
10.086637696413863
10.438911615640244
115.33111902906374
116.74337744492725
117.42589154097294
117.29483566536217
115.75910618687047
115.77986206050267
115.33111902906374
113.00664163470968
10.248651472136068
0.0
10.248651472136068
113.00664163470968
115.33111902906374
115.77986206050267
115.75910618687047
112.72428508030411
113.15245760092492
10.438911615640244
10.248651472136068
9.65986842237447
0.0
9.65986842237447
10.248651472136068
10.438911615640244
113.15245760092492
112.72428508030411
0.0
0.0
10.086637696413863
0.0
0.0
0.0
0.0
0.0
10.086637696413863
0.0
0.0
112.72428508030411
113.15245760092492
10.438911615640244
10.248651472136068
9.65986842237447
0.0
9.65986842237447
10.248651472136068
10.438911615640244
113.15245760092492
112.72428508030411
115.75910618687047
115.77986206050267
115.33111902906374
113.00664163470968
10.248651472136068
0.0
10.248651472136068
113.00664163470968
115.33111902906374
115.77986206050267
115.75910618687047
117.29483566536217
117.42589154097294
116.74337744492725
115.33111902906374
10.438911615640244
10.086637696413863
10.438911615640244
115.33111902906374
116.74337744492725
117.42589154097294
117.29483566536217
118.46880883412155
118.42243288100185
117.42589154097294
115.77986206050267
113.15245760092492
0.0
113.15245760092492
115.77986206050267
117.42589154097294
118.42243288100185
118.46880883412155
119.67038775129262
118.46880883412155
117.29483566536217
115.75910618687047
112.72428508030411
0.0
112.72428508030411
115.75910618687047
117.29483566536217
118.46880883412155
119.67038775129262
119.94625451901757
118.79729963742581
117.72061448380076
116.35475142446684
114.1095070656289
0.0
114.1095070656289
116.35475142446684
117.72061448380076
118.79729963742581
119.94625451901757
118.79729963742581
118.79297205156024
117.87899217961508
116.49348573028084
114.22388802428357
0.0
114.22388802428357
116.49348573028084
117.87899217961508
118.79297205156024
118.79729963742581
117.72061448380076
117.87899217961508
117.27848783142554
116.03012783751927
113.55401106363908
11.022174862396549
113.55401106363908
116.03012783751929
117.27848783142554
117.87899217961508
117.72061448380076
116.35475142446684
116.49348573028084
116.03012783751927
114.74759780370269
11.18792396828432
0.0
11.18792396828432
114.74759780370269
116.03012783751929
116.49348573028084
116.35475142446684
114.1095070656289
114.22388802428357
113.55401106363908
11.18792396828432
10.601672159235768
0.0
10.601672159235768
11.18792396828432
113.55401106363908
114.22388802428357
114.1095070656289
0.0
0.0
11.022174862396547
0.0
0.0
0.0
0.0
0.0
11.022174862396549
0.0
0.0
114.1095070656289
114.22388802428357
113.55401106363908
11.18792396828432
10.601672159235768
0.0
10.601672159235768
11.18792396828432
113.55401106363908
114.22388802428357
114.1095070656289
116.35475142446684
116.49348573028084
116.03012783751929
114.74759780370269
11.18792396828432
0.0
11.18792396828432
114.74759780370269
116.03012783751929
116.49348573028084
116.35475142446684
117.72061448380076
117.87899217961508
117.27848783142554
116.03012783751929
113.55401106363908
11.022174862396547
113.55401106363908
116.03012783751929
117.27848783142554
117.87899217961508
117.72061448380076
118.79729963742581
118.79297205156024
117.87899217961508
116.49348573028084
114.22388802428357
0.0
114.22388802428357
116.49348573028084
117.87899217961508
118.79297205156024
118.79729963742581
119.94625451901756
118.79729963742581
117.72061448380076
116.35475142446684
114.1095070656289
0.0
114.1095070656289
116.35475142446684
117.72061448380076
118.79729963742581
119.94625451901756
120.18656208582583
119.10852554736462
118.14194034875439
116.85300813771025
115.08108651618555
0.0
115.08108651618556
116.85300813771025
118.14194034875439
119.10852554736462
120.18656208582583
119.10852554736462
119.1519098969375
118.2919802025163
117.12186834404625
115.15213508302787
0.0
115.15213508302787
117.12186834404626
118.2919802025163
119.1519098969375
119.10852554736462
118.14194034875439
118.2919802025163
117.79841133080052
116.61634364926076
114.80659623342112
11.956004772190266
114.80659623342113
116.61634364926076
117.79841133080052
118.2919802025163
118.14194034875439
116.85300813771025
117.12186834404625
116.61634364926076
115.70404602202895
113.15245760092492
0.0
113.15245760092492
115.70404602202895
116.61634364926076
117.12186834404626
116.85300813771025
115.08108651618555
115.15213508302787
114.80659623342112
113.15245760092492
11.536815463822101
0.0
11.536815463822101
113.15245760092492
114.80659623342113
115.15213508302787
115.08108651618556
0.0
0.0
11.956004772190266
0.0
0.0
0.0
0.0
0.0
11.956004772190266
0.0
0.0
115.08108651618556
115.15213508302787
114.80659623342113
113.15245760092492
11.536815463822101
0.0
11.536815463822101
113.15245760092492
114.80659623342113
115.15213508302787
115.08108651618556
116.85300813771025
117.12186834404626
116.61634364926076
115.70404602202895
113.15245760092492
0.0
113.15245760092492
115.70404602202895
116.61634364926076
117.12186834404626
116.85300813771025
118.14194034875439
118.2919802025163
117.79841133080052
116.61634364926076
114.80659623342113
11.956004772190266
114.80659623342113
116.61634364926076
117.79841133080052
118.2919802025163
118.14194034875439
119.10852554736462
119.1519098969375
118.2919802025163
117.12186834404626
115.15213508302787
0.0
115.15213508302787
117.12186834404626
118.2919802025163
119.1519098969375
119.10852554736462
120.18656208582583
119.10852554736462
118.14194034875439
116.85300813771025
115.08108651618556
0.0
115.08108651618556
116.85300813771025
118.14194034875439
119.10852554736462
120.18656208582583
120.41329070383553
119.42740716848834
118.52398452285442
117.36340341477822
115.77082192931796
0.0
115.77082192931796
117.36340341477823
118.52398452285442
119.42740716848836
120.41329070383553
119.42740716848834
119.48222098718274
118.71425521540806
117.62125495171121
116.02442554426443
0.0
116.02442554426445
117.62125495171121
118.71425521540806
119.48222098718274
119.42740716848836
118.52398452285442
118.71425521540806
118.25297019140035
117.23216800531063
115.60211583563496
113.52685726500543
115.60211583563496
117.23216800531064
118.25297019140035
118.71425521540806
118.52398452285442
117.36340341477822
117.62125495171121
117.23216800531063
116.32924786445285
114.69370980560099
0.0
114.693709805601
116.32924786445285
117.23216800531064
117.62125495171121
117.36340341477823
115.77082192931796
116.02442554426443
115.60211583563496
114.69370980560099
111.77780719964301
0.0
111.77780719964301
114.693709805601
115.60211583563496
116.02442554426445
115.77082192931796
0.0
0.0
113.52685726500543
0.0
0.0
0.0
0.0
0.0
113.52685726500545
0.0
0.0
115.77082192931796
116.02442554426445
115.60211583563496
114.693709805601
111.77780719964301
0.0
111.77780719964301
114.693709805601
115.60211583563496
116.02442554426445
115.77082192931796
117.36340341477823
117.62125495171121
117.23216800531064
116.32924786445285
114.693709805601
0.0
114.693709805601
116.32924786445285
117.23216800531064
117.62125495171121
117.36340341477823
118.52398452285442
118.71425521540806
118.25297019140035
117.23216800531064
115.60211583563496
113.52685726500545
115.60211583563496
117.23216800531064
118.25297019140035
118.71425521540806
118.52398452285442
119.42740716848836
119.48222098718274
118.71425521540806
117.62125495171121
116.02442554426445
0.0
116.02442554426445
117.62125495171121
118.71425521540806
119.48222098718274
119.42740716848836
120.41329070383553
119.42740716848836
118.52398452285442
117.36340341477823
115.77082192931796
0.0
115.77082192931796
117.36340341477823
118.52398452285442
119.42740716848836
120.41329070383553
120.65180421185455
119.72635252732113
118.8903316292597
117.84260031839301
116.38714036722594
0.0
116.38714036722594
117.84260031839301
118.8903316292597
119.72635252732113
120.65180421185455
119.72635252732113
119.80657752920546
119.1166445885604
118.09214798640181
116.71826998700604
0.0
116.71826998700604
118.09214798640183
119.1166445885604
119.80657752920546
119.72635252732113
118.8903316292597
119.1166445885604
118.68775885999824
117.78746167744765
116.33580095020154
114.78500317132108
116.33580095020154
117.78746167744765
118.68775885999824
119.1166445885604
118.8903316292597
117.84260031839301
118.09214798640181
117.78746167744765
116.92833730033405
115.59883937724416
0.0
115.59883937724416
116.92833730033406
117.78746167744765
118.09214798640183
117.84260031839301
116.38714036722594
116.71826998700604
116.33580095020154
115.59883937724416
113.88331135475367
0.0
113.88331135475369
115.59883937724416
116.33580095020154
116.71826998700604
116.38714036722594
0.0
0.0
114.78500317132108
0.0
0.0
0.0
0.0
0.0
114.78500317132108
0.0
0.0
116.38714036722594
116.71826998700604
116.33580095020154
115.59883937724416
113.88331135475369
0.0
113.88331135475369
115.59883937724416
116.33580095020154
116.71826998700604
116.38714036722594
117.84260031839301
118.09214798640183
117.78746167744765
116.92833730033406
115.59883937724416
0.0
115.59883937724416
116.92833730033406
117.78746167744765
118.09214798640183
117.84260031839301
118.8903316292597
119.11664458856039
118.68775885999825
117.78746167744765
116.33580095020154
114.78500317132108
116.33580095020154
117.78746167744765
118.68775885999825
119.11664458856039
118.8903316292597
119.72635252732113
119.80657752920546
119.11664458856039
118.09214798640183
116.71826998700604
0.0
116.71826998700604
118.09214798640183
119.11664458856039
119.80657752920546
119.72635252732113
120.65180421185455
119.72635252732113
118.8903316292597
117.84260031839301
116.38714036722594
0.0
116.38714036722594
117.84260031839301
118.8903316292597
119.72635252732113
120.65180421185455
120.83785034284384
120.00880590550422
119.25738341578362
118.27469536708551
116.98028230840634
0.0
116.98028230840634
118.27469536708551
119.25738341578362
120.00880590550422
120.83785034284384
120.00880590550422
120.12533209393666
119.4886539024531
118.56701633572597
117.27914758099166
0.0
117.27914758099168
118.56701633572597
119.48865390245311
120.12533209393666
120.00880590550422
119.25738341578362
119.4886539024531
119.1224402424111
118.2738391192104
117.03867232937915
115.70914933320756
117.03867232937915
118.2738391192104
119.1224402424111
119.48865390245311
119.25738341578362
118.27469536708551
118.56701633572597
118.2738391192104
117.53699172789135
116.27761377200557
0.0
116.27761377200558
117.53699172789135
118.2738391192104
118.56701633572597
118.27469536708551
116.98028230840634
117.27914758099166
117.03867232937915
116.27761377200557
115.09033831281722
0.0
115.09033831281722
116.27761377200558
117.03867232937915
117.27914758099168
116.98028230840634
0.0
0.0
115.70914933320756
0.0
0.0
0.0
0.0
0.0
115.70914933320756
0.0
0.0
116.98028230840634
117.27914758099168
117.03867232937915
116.27761377200558
115.09033831281722
0.0
115.09033831281722
116.27761377200558
117.03867232937915
117.27914758099168
116.98028230840634
118.27469536708551
118.56701633572597
118.2738391192104
117.53699172789135
116.27761377200558
0.0
116.27761377200558
117.53699172789135
118.2738391192104
118.56701633572597
118.27469536708551
119.25738341578362
119.48865390245311
119.1224402424111
118.2738391192104
117.03867232937915
115.70914933320756
117.03867232937915
118.2738391192104
119.1224402424111
119.48865390245311
119.25738341578362
120.00880590550422
120.12533209393665
119.48865390245311
118.56701633572597
117.27914758099168
0.0
117.27914758099168
118.56701633572597
119.48865390245311
120.12533209393665
120.00880590550422
120.83785034284384
120.00880590550422
119.25738341578362
118.27469536708551
116.98028230840634
0.0
116.98028230840634
118.27469536708551
119.25738341578362
120.00880590550422
120.83785034284384
121.00220360467083
120.29488356878254
119.60591446833715
118.6945510037059
117.5044777310486
0.0
117.5044777310486
118.6945510037059
119.60591446833715
120.29488356878254
121.00220360467083
120.29488356878254
120.43083479699749
119.85536349088878
119.01260362637981
117.81732352842448
0.0
117.81732352842448
119.01260362637981
119.85536349088878
120.43083479699749
120.29488356878254
119.60591446833715
119.85536349088878
119.53086257429628
118.74888595154812
117.63365458765354
116.55544824524262
117.63365458765355
118.74888595154812
119.53086257429628
119.85536349088878
119.60591446833715
118.6945510037059
119.01260362637981
118.74888595154812
118.08512359048432
116.94819702059245
0.0
116.94819702059245
118.08512359048432
118.74888595154812
119.01260362637981
118.6945510037059
117.5044777310486
117.81732352842448
117.63365458765354
116.94819702059245
115.88423461538811
0.0
115.88423461538812
116.94819702059245
117.63365458765355
117.81732352842448
117.5044777310486
0.0
0.0
116.55544824524262
0.0
0.0
0.0
0.0
0.0
116.55544824524262
0.0
0.0
117.5044777310486
117.81732352842448
117.63365458765355
116.94819702059245
115.88423461538812
0.0
115.88423461538812
116.94819702059245
117.63365458765355
117.81732352842448
117.5044777310486
118.6945510037059
119.01260362637981
118.74888595154812
118.08512359048432
116.94819702059245
0.0
116.94819702059245
118.08512359048432
118.74888595154812
119.01260362637981
118.6945510037059
119.60591446833715
119.85536349088878
119.53086257429628
118.74888595154812
117.63365458765355
116.55544824524262
117.63365458765355
118.74888595154812
119.53086257429628
119.85536349088878
119.60591446833715
120.29488356878252
120.43083479699749
119.85536349088878
119.01260362637981
117.81732352842448
0.0
117.81732352842448
119.01260362637981
119.85536349088878
120.43083479699749
120.29488356878252
121.00220360467083
120.29488356878252
119.60591446833715
118.6945510037059
117.5044777310486
0.0
117.5044777310486
118.6945510037059
119.60591446833715
120.29488356878252
121.00220360467083
121.18199482820773
120.56102465900418
119.93864421341043
119.10820267154475
117.9768968797058
0.0
117.9768968797058
119.10820267154475
119.93864421341043
120.56102465900418
121.18199482820773
120.56102465900418
120.7295070070497
120.2162242440806
119.42858196391863
118.33972967536013
0.0
118.33972967536013
119.42858196391863
120.2162242440806
120.7295070070497
120.56102465900418
119.93864421341043
120.2162242440806
119.91678876556735
119.21553106843353
118.16201072767085
117.28617642251037
118.16201072767085
119.21553106843355
119.91678876556735
120.2162242440806
119.93864421341043
119.10820267154475
119.42858196391863
119.21553106843353
118.58560136159079
117.58497808300537
0.0
117.58497808300538
118.58560136159079
119.21553106843355
119.42858196391863
119.10820267154475
117.9768968797058
118.33972967536013
118.16201072767085
117.58497808300537
116.53818908878648
0.0
116.53818908878648
117.58497808300538
118.16201072767085
118.33972967536013
117.9768968797058
0.0
0.0
117.28617642251037
0.0
0.0
0.0
0.0
0.0
117.28617642251038
0.0
0.0
117.9768968797058
118.33972967536013
118.16201072767085
117.58497808300538
116.53818908878648
0.0
116.53818908878648
117.58497808300538
118.16201072767085
118.33972967536013
117.9768968797058
119.10820267154475
119.42858196391863
119.21553106843355
118.58560136159079
117.58497808300538
0.0
117.58497808300538
118.58560136159079
119.21553106843355
119.42858196391863
119.10820267154475
119.93864421341043
120.2162242440806
119.91678876556735
119.21553106843355
118.16201072767085
117.28617642251038
118.16201072767085
119.21553106843355
119.91678876556735
120.2162242440806
119.93864421341043
120.56102465900418
120.7295070070497
120.2162242440806
119.42858196391863
118.33972967536013
0.0
118.33972967536013
119.42858196391863
120.2162242440806
120.7295070070497
120.56102465900418
121.18199482820773
120.56102465900418
119.93864421341043
119.10820267154475
117.9768968797058
0.0
117.9768968797058
119.10820267154475
119.93864421341043
120.56102465900418
121.18199482820773
121.25190240109663
120.81267866633387
120.26889780048644
119.49951573432304
118.43574018160464
0.0
118.43574018160466
119.49951573432304
120.26889780048646
120.81267866633387
121.25190240109663
120.81267866633387
121.01778085958898
120.56160188112494
119.83800027322194
118.82052117503056
0.0
118.82052117503056
119.83800027322194
120.56160188112494
121.01778085958898
120.81267866633387
120.26889780048644
120.56160188112494
120.29802634458977
119.6519296863129
118.67921767537496
117.8931224324959
118.67921767537497
119.6519296863129
120.29802634458977
120.56160188112494
120.26889780048644
119.49951573432304
119.83800027322194
119.6519296863129
119.07789413520788
118.1483319221359
0.0
118.1483319221359
119.0778941352079
119.6519296863129
119.83800027322194
119.49951573432304
118.43574018160464
118.82052117503056
118.67921767537496
118.1483319221359
117.17456271411558
0.0
117.1745627141156
118.1483319221359
118.67921767537497
118.82052117503056
118.43574018160466
0.0
0.0
117.8931224324959
0.0
0.0
0.0
0.0
0.0
117.8931224324959
0.0
0.0
118.43574018160466
118.82052117503056
118.67921767537497
118.1483319221359
117.1745627141156
0.0
117.1745627141156
118.1483319221359
118.67921767537497
118.82052117503056
118.43574018160466
119.49951573432304
119.83800027322194
119.6519296863129
119.0778941352079
118.1483319221359
0.0
118.1483319221359
119.0778941352079
119.6519296863129
119.83800027322194
119.49951573432304
120.26889780048646
120.56160188112494
120.29802634458977
119.6519296863129
118.67921767537497
117.8931224324959
118.67921767537497
119.6519296863129
120.29802634458977
120.56160188112494
120.26889780048646
120.81267866633387
121.017780859589
120.56160188112494
119.83800027322194
118.82052117503056
0.0
118.82052117503056
119.83800027322194
120.56160188112494
121.017780859589
120.81267866633387
121.25190240109663
120.81267866633387
120.26889780048646
119.49951573432304
118.43574018160466
0.0
118.43574018160466
119.49951573432304
120.26889780048646
120.81267866633387
121.25190240109663
121.25190240109663
121.06809921598479
120.58953284485253
119.87528503850619
118.8799169450971
0.0
118.8799169450971
119.87528503850619
120.58953284485253
121.06809921598479
121.25190240109663
121.06809921598479
121.29508799437491
120.89874794997071
120.2366755999251
119.27420242343784
0.0
119.27420242343784
120.2366755999251
120.89874794997071
121.29508799437491
121.06809921598479
120.58953284485253
120.89874794997071
120.67185152373492
120.06894808725907
119.17734722857372
118.44803970594734
119.17734722857372
120.06894808725909
120.67185152373492
120.89874794997071
120.58953284485253
119.87528503850619
120.2366755999251
120.06894808725907
119.5522363400251
118.67342709940482
0.0
118.67342709940482
119.5522363400251
120.06894808725909
120.2366755999251
119.87528503850619
118.8799169450971
119.27420242343784
119.17734722857372
118.67342709940482
117.77056407871851
0.0
117.77056407871851
118.67342709940482
119.17734722857372
119.27420242343784
118.8799169450971
0.0
0.0
118.44803970594734
0.0
0.0
0.0
0.0
0.0
118.44803970594734
0.0
0.0
118.8799169450971
119.27420242343784
119.17734722857372
118.67342709940482
117.77056407871851
0.0
117.77056407871851
118.67342709940482
119.17734722857372
119.27420242343784
118.8799169450971
119.87528503850619
120.2366755999251
120.06894808725909
119.5522363400251
118.67342709940482
0.0
118.67342709940482
119.5522363400251
120.06894808725909
120.2366755999251
119.87528503850619
120.58953284485253
120.89874794997071
120.67185152373492
120.06894808725909
119.17734722857372
118.44803970594734
119.17734722857372
120.06894808725909
120.67185152373492
120.89874794997071
120.58953284485253
121.06809921598479
121.29508799437491
120.89874794997071
120.2366755999251
119.27420242343784
0.0
119.27420242343784
120.2366755999251
120.89874794997071
121.29508799437491
121.06809921598479
121.25190240109663
121.06809921598479
120.58953284485253
119.87528503850619
118.8799169450971
0.0
118.8799169450971
119.87528503850619
120.58953284485253
121.06809921598479
121.25190240109663
