0.0
0.0
0.0
0.0
0.0
0.0
0.0
0.0
0.0
0.0
0.0
0.0
0.0
0.0
0.0
0.0
0.0
0.0
0.0
0.0
0.0
0.0
0.0
0.0
0.0
0.0
0.0
0.0
0.0
0.0
0.0
0.0
0.0
0.0
0.0
0.0
0.0
0.0
0.0
0.0
0.0
0.0
0.0
0.0
0.0
0.0
0.0
0.0
0.0
0.0
0.0
0.0
0.0
0.0
0.0
0.0
0.0
0.0
0.0
0.0
0.0
0.0
0.0
0.0
0.0
0.0
0.0
0.0
0.0
0.0
0.0
0.0
0.0
0.0
0.0
0.0
0.0
0.0
0.0
0.0
0.0
0.0
0.0
0.0
0.0
0.0
0.0
0.0
0.0
0.0
0.0
0.0
0.0
0.0
0.0
0.0
0.0
0.0
0.0
0.0
33.599206606955455
1.791759469228055
1.3862943611198906
0.0
1.3862943611198906
1.791759469228055
1.791759469228055
1.791759469228055
1.791759469228055
1.3862943611198906
1.791759469228055
2.1972245773362196
1.791759469228055
0.0
1.791759469228055
2.1972245773362196
2.1972245773362196
2.1972245773362196
2.1972245773362196
1.791759469228055
1.3862943611198906
1.791759469228055
1.6094379124341003
0.0
1.9459101490553132
2.1972245773362196
2.1972245773362196
2.1972245773362196
2.1972245773362196
1.791759469228055
0.0
0.0
0.0
1.9459101490553132
2.0794415416798357
2.1972245773362196
2.1972245773362196
2.1972245773362196
2.1972245773362196
1.791759469228055
1.3862943611198906
1.791759469228055
1.9459101490553132
2.0794415416798357
2.1972245773362196
2.1972245773362196
2.1972245773362196
2.1972245773362196
2.1972245773362196
1.791759469228055
1.791759469228055
2.1972245773362196
2.1972245773362196
2.1972245773362196
2.1972245773362196
2.1972245773362196
2.1972245773362196
2.1972245773362196
2.1972245773362196
1.791759469228055
1.791759469228055
2.1972245773362196
2.1972245773362196
2.1972245773362196
2.1972245773362196
2.1972245773362196
2.1972245773362196
2.1972245773362196
2.1972245773362196
1.791759469228055
1.791759469228055
2.1972245773362196
2.1972245773362196
2.1972245773362196
2.1972245773362196
2.1972245773362196
2.1972245773362196
2.1972245773362196
2.1972245773362196
1.791759469228055
1.791759469228055
2.1972245773362196
2.1972245773362196
2.1972245773362196
2.1972245773362196
2.1972245773362196
2.1972245773362196
2.1972245773362196
2.1972245773362196
1.791759469228055
1.3862943611198906
1.791759469228055
1.791759469228055
1.791759469228055
1.791759469228055
1.791759469228055
1.791759469228055
1.791759469228055
1.791759469228055
47.159293286906184
33.9106195365759
2.359440362273277
1.9146008877265814
0.0
1.9146008877265814
2.359440362273277
2.359440362273277
2.359440362273277
2.359440362273277
1.9146008877265814
2.359440362273277
2.7876474511593563
2.359440362273277
0.0
2.359440362273277
2.7876474511593563
2.7876474511593563
2.7876474511593563
2.7876474511593563
2.359440362273277
1.9146008877265814
2.359440362273277
2.1619720871182215
0.0
2.523791593685174
2.7876474511593563
2.7876474511593563
2.7876474511593563
2.7876474511593563
2.359440362273277
0.0
0.0
0.0
2.523791593685174
2.664551098894168
2.7876474511593563
2.7876474511593563
2.7876474511593563
2.7876474511593563
2.359440362273277
1.9146008877265814
2.359440362273277
2.523791593685174
2.664551098894168
2.7876474511593563
2.7876474511593563
2.7876474511593563
2.7876474511593563
2.7876474511593563
2.359440362273277
2.359440362273277
2.7876474511593563
2.7876474511593563
2.7876474511593563
2.7876474511593563
2.7876474511593563
2.7876474511593563
2.7876474511593563
2.7876474511593563
2.359440362273277
2.359440362273277
2.7876474511593563
2.7876474511593563
2.7876474511593563
2.7876474511593563
2.7876474511593563
2.7876474511593563
2.7876474511593563
2.7876474511593563
2.359440362273277
2.359440362273277
2.7876474511593563
2.7876474511593563
2.7876474511593563
2.7876474511593563
2.7876474511593563
2.7876474511593563
2.7876474511593563
2.7876474511593563
2.359440362273277
2.359440362273277
2.7876474511593563
2.7876474511593563
2.7876474511593563
2.7876474511593563
2.7876474511593563
2.7876474511593563
2.7876474511593563
2.7876474511593563
2.359440362273277
1.9146008877265814
2.359440362273277
2.359440362273277
2.359440362273277
2.359440362273277
2.359440362273277
2.359440362273277
2.359440362273277
2.359440362273277
47.17903927601286
34.22234126585182
32.25434012408832
2.9152874186713107
0.0
2.9152874186713107
3.375665823624174
3.43542307335205
3.43542307335205
3.375665823624174
2.9152874186713107
32.25434012408832
3.710372562910755
3.34452040136572
0.0
3.405671782170728
3.832644326194847
3.8885955267544303
3.8885955267544303
3.832644326194847
3.375665823624174
2.9152874186713107
3.3445204013657204
3.051097328083597
0.0
3.5686064170776213
3.906669199301105
3.9415813731103024
3.9415813731103024
3.8885955267544303
3.43542307335205
0.0
0.0
0.0
3.4012255336141766
3.814337814502248
3.924321387340401
3.9415813731103024
3.9415813731103024
3.8885955267544303
3.43542307335205
2.9152874186713107
3.405671782170728
3.5686064170776213
3.814337814502248
3.906758254489549
3.9415813731103024
3.9415813731103024
3.9415813731103024
3.8885955267544303
3.43542307335205
3.375665823624174
3.832644326194847
3.9066691993011053
3.924321387340401
3.9415813731103024
3.9415813731103024
3.9415813731103024
3.9415813731103024
3.8885955267544303
3.43542307335205
3.43542307335205
3.8885955267544303
3.9415813731103024
3.9415813731103024
3.9415813731103024
3.9415813731103024
3.9415813731103024
3.9415813731103024
3.8885955267544303
3.43542307335205
3.43542307335205
3.8885955267544303
3.9415813731103024
3.9415813731103024
3.9415813731103024
3.9415813731103024
3.9415813731103024
3.9415813731103024
3.8885955267544303
3.43542307335205
3.375665823624174
3.8326443261948464
3.8885955267544303
3.8885955267544303
3.8885955267544303
3.8885955267544303
3.8885955267544303
3.8885955267544303
3.8326443261948464
45.271988339563
2.9152874186713107
3.375665823624174
3.43542307335205
3.43542307335205
3.43542307335205
3.43542307335205
3.43542307335205
3.43542307335205
45.271988339563
47.17903927601286
34.48890678472309
32.73887926857185
3.7825771530477237
0.0
3.7825771530477237
4.245957100255931
4.348166598415772
4.348166598415772
4.245957100255932
3.7825771530477237
32.73887926857185
32.254340124088934
4.1705172747714405
0.0
4.279652751041558
4.718760607836041
4.809584062040699
4.809584062040699
4.710777477561362
4.245957100255931
3.7825771530477237
4.1705172747714405
3.964462561430609
0.0
4.508446787105617
4.8428860061081656
4.905828775332866
4.905828775332866
4.809584062040699
4.348166598415772
0.0
0.0
0.0
4.35525282999363
4.739618293557798
4.874935038436097
4.905828775332866
4.905828775332866
4.809584062040699
4.348166598415772
3.7825771530477237
4.279652751041558
4.508446787105617
4.739618293557798
4.856885093965821
4.899283150210745
4.905828775332866
4.905828775332866
4.809584062040699
4.348166598415772
4.245957100255931
4.718760607836041
4.8428860061081656
4.874935038436097
4.899283150210745
4.905828775332866
4.905828775332866
4.905828775332866
4.809584062040699
4.348166598415772
4.348166598415772
4.809584062040699
4.905828775332866
4.905828775332866
4.905828775332866
4.905828775332866
4.905828775332866
4.905828775332866
4.809584062040699
4.348166598415772
4.348166598415772
4.809584062040699
4.905828775332866
4.905828775332866
4.905828775332866
4.905828775332866
4.905828775332866
4.905828775332866
4.809584062040699
4.348166598415772
4.245957100255932
4.710777477561362
4.809584062040699
4.809584062040699
4.809584062040699
4.809584062040699
4.809584062040699
4.809584062040699
45.271988339563
45.43961465755824
3.7825771530477237
4.245957100255931
4.348166598415772
4.348166598415772
4.348166598415772
4.348166598415772
4.348166598415772
4.348166598415772
45.43961465755824
47.17903927601286
34.73031825436493
33.06824058233444
30.96326889288906
0.0
4.645703575164427
5.113063807889586
5.238904103115525
5.238904103115525
5.113063807889586
4.638507448338161
33.06824058233444
33.03062312951244
4.972786025133738
0.0
5.1463671027180835
5.600913462263289
5.710443539156001
5.710443539156001
5.586652469167316
5.113063807889586
30.96326889288906
4.972786025133738
4.790542009525827
0.0
5.411205782046598
5.748500875204074
5.833183003045346
5.831037737419587
5.710443539156001
5.238904103115525
0.0
0.0
0.0
5.238286355078603
5.632443694281512
5.805352552071981
5.8416653395584515
5.837420269206284
5.717656798443397
5.246876898458254
4.645703575164427
5.1463671027180835
5.411205782046598
5.632443694281512
5.788775317767933
5.8306834945595005
5.8437623224997015
5.837420269206284
5.717656798443397
5.246876898458254
5.113063807889586
5.600913462263289
5.748500875204074
5.805352552071981
5.8306834945595005
5.8437623224997015
5.8437623224997015
5.837420269206284
5.717656798443397
5.246876898458254
5.238904103115525
5.710443539156001
5.833183003045346
5.8416653395584515
5.8437623224997015
5.8437623224997015
5.8437623224997015
5.837420269206284
5.717656798443397
5.246876898458254
5.238904103115525
5.710443539156001
5.831037737419587
5.837420269206284
5.837420269206284
5.837420269206284
5.837420269206284
5.831037737419587
5.710443539156001
43.46017545895425
5.113063807889586
5.586652469167316
5.710443539156001
5.717656798443397
5.717656798443397
5.717656798443397
5.717656798443397
5.710443539156001
45.68357473524978
45.463447747363745
4.638507448338161
5.113063807889586
5.238904103115525
5.246876898458254
5.246876898458254
5.246876898458254
5.246876898458254
43.46017545895425
45.463447747363745
47.17903927601286
34.979775806941085
33.50707395869688
31.595505554324777
0.0
5.5047891582157575
5.989101141395162
6.129871438026157
6.129871438026157
5.985448713072728
5.494436171649685
33.50707395869688
33.44031686374813
31.65641607345058
0.0
6.026472892857352
6.492304324884136
6.61932028846329
6.6173971596127235
6.474176787302261
5.985448713072728
31.595505554324777
31.65641607345058
5.599881997413573
0.0
6.308793502540461
6.669026164332121
6.764797222782159
6.75866053166564
6.6173971596127235
6.129871438026157
0.0
0.0
0.0
6.141529572521054
6.55586996561544
6.739311941889327
6.7888429606946845
6.77686120729225
6.636621913434397
6.150201269171524
5.5047891582157575
6.026472892857352
6.308793502540461
6.55586996561544
6.716232480100748
6.775735299012795
6.793141549287942
6.77686120729225
6.636621913434397
6.150201269171524
5.989101141395162
6.492304324884136
6.669026164332121
6.739311941889327
6.775735299012795
6.791549269760541
6.794730733637431
6.77686120729225
6.636621913434397
6.150201269171524
6.129871438026157
6.61932028846329
6.764797222782159
6.7888429606946845
6.793141549287942
6.794730733637431
6.794730733637431
6.77686120729225
6.636621913434397
6.150201269171524
6.129871438026157
6.6173971596127235
6.758660531665639
6.77686120729225
6.77686120729225
6.77686120729225
6.77686120729225
6.75866053166564
44.153322639514194
43.76044940157311
5.985448713072728
6.474176787302261
6.6173971596127235
6.636621913434397
6.636621913434397
6.636621913434397
6.636621913434397
44.153322639514194
45.76997783308241
45.705180062606665
5.494436171649685
5.985448713072728
6.129871438026157
6.150201269171524
6.150201269171524
6.150201269171524
6.150201269171524
43.76044940157311
45.705180062606665
47.17903927601286
35.221463646026685
33.85859774834022
32.27583034985625
0.0
6.3373881789622155
6.837080124178268
6.9866259833069355
6.9859713037100635
6.830000498395502
6.324822168412056
33.85859774834022
33.73801879404053
32.47883752952231
0.0
6.8794361654222245
7.354704968304757
7.492433617695535
7.488051169099153
7.333414739867476
6.830000498395502
32.27583034985625
32.47883752952231
30.963268892905404
0.0
7.173899275199849
7.55025775404465
7.652582400031453
7.642733403568307
7.488985495624379
6.987056625450379
0.0
0.0
0.0
7.013915099965086
7.441901674464953
7.632231928853108
7.692500985125166
7.672924850518902
7.519997469017472
7.0191499515548115
6.3373881789622155
6.8794361654222245
7.173899275199849
7.441901674464952
7.605198331404412
7.679666372967913
7.699525087715502
7.67395147337124
7.5209024322898195
7.020199873195262
6.837080124178268
7.354704968304757
7.55025775404465
7.632231928853108
7.679666372967913
7.69767042865797
7.702936781300191
7.67395147337124
7.5209024322898195
7.020199873195262
6.9866259833069355
7.492433617695535
7.652582400031453
7.692500985125166
7.699525087715502
7.702936781300191
7.702502068890401
7.673180392249141
7.519997469017472
41.720834991948735
6.9859713037100635
7.488051169099153
7.642733403568307
7.672924850518902
7.673951473371241
7.673951473371241
7.673180392249141
43.46017545895425
44.61594348864419
44.350571521141916
6.830000498395502
7.333414739867475
7.488985495624379
7.519997469017472
7.5209024322898195
7.5209024322898195
7.519997469017472
44.61594348864419
45.78795974761207
45.82000604640249
6.324822168412056
6.830000498395502
6.987056625450379
7.0191499515548115
7.020199873195262
7.020199873195262
41.720834991948735
44.350571521141916
45.82000604640249
47.17903927601286
35.45135705171172
34.14918603840735
32.91201511707398
0.0
7.165988940133214
7.675470110629248
7.833424576880474
7.831196745561308
7.666175807428626
7.148949979073323
34.14918603840735
34.11130384394292
32.92031443566576
0.0
7.721420583861255
8.208748478619388
8.352561139072048
8.346512363050568
8.182232363251133
7.666175807428626
32.91201511707398
32.92031443566576
32.222584071483126
0.0
8.033202212519882
8.417142576203917
8.528058252985314
8.513758274164458
8.34961434718369
7.835005039193488
0.0
0.0
0.0
7.879036195519424
8.312787106879517
8.515799087046657
8.580505729410833
8.555465513409843
8.391154327161777
7.8775198168660285
7.165988940133214
7.721420583861255
8.033202212519882
8.312787106879517
8.487345504237453
8.568758003370199
8.593449202388333
8.559274591878864
8.394486435522854
7.881155608378491
7.675470110629248
8.208748478619388
8.417142576203917
8.515799087046657
8.568758003370199
8.593335609683328
8.59803882282878
8.559578833453653
8.394486435522854
7.881155608378491
7.833424576880474
8.352561139072048
8.528058252985314
8.580505729410833
8.593449202388333
8.59803882282878
8.596368014668467
8.556490198535808
42.80104903096095
42.14112238281027
7.831196745561308
8.346512363050568
8.513758274164458
8.555465513409843
8.559274591878864
8.559578833453653
8.556490198535808
44.31183656992525
44.73602670853061
44.78321284364209
7.666175807428626
8.182232363251133
8.34961434718369
8.391154327161777
8.394486435522854
8.394486435522854
42.80104903096095
44.73602670853061
45.94054614263351
45.856255358356016
7.148949979073323
7.666175807428626
7.835005039193488
7.8775198168660285
7.881155608378491
7.881155608378491
42.14112238281027
44.78321284364209
45.856255358356016
47.17903927601286
35.678406956512006
34.44434926564325
33.352754583568625
0.0
7.982118046716739
8.498585295785194
8.662874502999852
8.65914484666094
8.48689134316098
7.960168588108196
34.44434926564325
34.44469156352326
33.38388607201812
0.0
8.548131076766534
9.044553189207196
9.193074333863423
9.185203284704238
9.01282640683796
8.487067061788737
33.352754583568625
33.38388607201812
32.84626723537054
0.0
8.876725995915706
9.265310292311604
9.38210246317737
9.364185893747871
9.191367772737243
8.666667483122103
0.0
0.0
0.0
8.72613282493517
9.165050171946495
9.378039495893836
9.44558180558205
9.416119434090986
9.241936278308254
8.718057245822227
7.982118046716739
8.548131076766534
8.876725995915706
9.165050171946495
9.350563348481902
9.437286610158521
9.465108379860297
9.424061273739254
9.248814008990838
8.72526598239684
8.498585295785194
9.044553189207196
9.265310292311604
9.378039495893836
9.437286610158521
9.46770355728694
9.471282809037149
9.424835431799625
9.248814008990838
40.05106808381562
8.662874502999852
9.193074333863423
9.38210246317737
9.44558180558205
9.465108379860297
9.471282809037149
9.467276994303152
42.80104903096095
43.34742039623576
43.24210652929083
8.65914484666094
9.185203284704238
9.364185893747871
9.416119434090986
9.424061273739254
9.424835431799625
42.80104903096095
44.58386249681625
45.004478983668065
44.96348071894827
8.48689134316098
9.01282640683796
9.191367772737243
9.241936278308254
9.248814008990838
9.24881400899084
43.34742039623576
45.004478983668065
46.02952023724245
45.936899612562115
7.960168588108196
8.487067061788737
8.666667483122103
8.718057245822227
8.725265982396841
40.05106808381562
43.24210652929083
44.96348071894827
45.936899612562115
47.17903927601286
35.90249946700895
34.73466312206403
33.67708822541947
0.0
8.784877094887714
9.307744463245882
9.47592267081512
9.471286276149984
9.292663833295306
8.758896266636869
34.73466312206403
34.74525212427857
33.83451550144443
0.0
9.361319023303016
9.862484809430901
10.015706814833639
10.00568820141094
9.826515320101946
9.293447568081227
33.67708822541947
33.83451550144443
33.23649735286615
0.0
9.702485695725223
10.096759063555455
10.216139915746483
10.19605770558546
10.015426652407557
9.48307681733267
0.0
0.0
0.0
29.723841114606476
10.001410765195697
10.219409590063725
10.29040666594285
10.256686708370207
10.073952242133625
9.542126439235602
8.784877094887714
9.361319023303016
9.702485695725223
10.001410765195697
10.1937357734182
10.287381357115134
10.315665340954208
10.269726404699803
10.084916115269847
9.553334767212139
9.307744463245882
9.8624848094309
10.096759063555455
10.219409590063725
10.287381357115134
10.321241040146187
10.32434764750947
10.27097308809738
41.391516793733054
40.5807050469289
9.47592267081512
10.015706814833639
10.216139915746483
10.29040666594285
10.315665340954208
10.32434764750947
41.720834991948756
43.57090202594293
43.79195251288192
43.79230197230588
9.471286276149984
10.005688201410942
10.19605770558546
10.256686708370207
10.269726404699803
10.27097308809738
43.57090202594293
44.67007731745951
45.259922882758275
45.02550303365417
9.292663833295306
9.826515320101946
10.015426652407557
10.073952242133627
10.084916115269847
41.391516793733054
43.79195251288192
45.259922882758275
46.09991164098982
46.016037083341466
8.758896266636869
9.293447568081227
9.48307681733267
9.542126439235602
9.55333476721214
40.5807050469289
43.79230197230588
45.02550303365417
46.016037083341466
47.17903927601286
36.119083915653555
35.00108393783708
34.008183060899285
0.0
9.575015794717084
10.102665967521613
10.273841051794506
10.268157836899402
10.08412719458018
9.544890808322203
35.00108393783708
35.048704641434554
34.19974202100699
0.0
10.160598131789174
10.665198928007475
10.82163591155663
10.809849866653941
10.624861014325193
10.08596936389001
34.008183060899285
34.19974202100699
33.63245805887331
0.0
10.513284684295675
10.911539872014467
11.03267330472331
11.010439232874988
10.82314018321348
10.284651644998483
0.0
0.0
0.0
31.019720603802295
10.821492609788638
11.043371729031419
11.11657806104123
11.07930336834071
10.889150211349877
10.350786042011164
9.575015794717084
10.160598131789174
10.513284684295675
10.821492609788638
11.020139114808227
11.119472745896548
11.147895206957616
11.097514872865359
10.904389643428198
38.44809184329739
10.102665967521613
10.665198928007475
10.911539872014467
11.043371729031419
11.119472745896548
11.15660589948664
11.158835215444745
41.78122074182731
42.0242234884686
42.06105604223539
10.273841051794506
10.82163591155663
11.03267330472331
11.11657806104123
11.147895206957616
11.158835215444745
42.97804012829923
43.843584341139625
44.28175308817909
44.01825640205807
10.268157836899402
10.809849866653943
11.010439232874988
11.07930336834071
11.097514872865359
41.78122074182731
43.843584341139625
44.93750002754306
45.38809353581052
45.18146992375345
10.08412719458018
10.624861014325193
10.82314018321348
10.889150211349877
10.904389643428198
42.0242234884686
44.28175308817909
45.38809353581052
46.196819541202174
46.05874137847541
9.544890808322203
10.08596936389001
10.284651644998483
10.350786042011164
38.44809184329739
42.06105604223539
44.01825640205807
45.18146992375345
46.05874137847541
47.17903927601286
36.331136441707976
35.25576269712165
34.328812350214996
0.0
10.3517753607548
10.882321793210634
11.05613542825217
11.049111439570448
10.860684424185695
10.31698856244247
35.25576269712165
35.34084525345878
34.51946939775782
0.0
10.944584012697153
11.452596561281034
11.61055681416006
11.597475927492013
11.407498613601957
10.863923811119692
34.328812350214996
34.51946939775782
34.01064327752519
0.0
11.30866299078886
11.708625447768432
11.831563323240124
11.806868136633973
11.614148329148945
11.07054569668953
0.0
0.0
0.0
31.691229072529477
28.533991098376422
11.850014109986693
11.92380150293041
11.883740644262998
11.687192006434575
11.14337988590094
10.3517753607548
10.944584012697153
11.30866299078886
28.533991098376422
11.829571514651875
11.932499901109225
11.961525628176854
11.906764453220802
39.97876607934908
39.077948116636726
10.882321793210634
11.452596561281034
11.70862544776843
11.850014109986693
11.932499901109225
11.973409132348015
41.391516793733174
42.573693589432175
42.83015066902361
42.70336921897361
11.05613542825217
11.61055681416006
11.831563323240124
11.92380150293041
11.961525628176854
41.391516793733174
43.47778946931551
44.13122033887928
44.59250559635057
44.2094668129504
11.049111439570448
11.597475927492015
11.806868136633973
11.883740644262998
11.906764453220802
42.573693589432175
44.13122033887928
45.16083459852884
45.51767574380015
45.31905387758962
10.860684424185695
11.407498613601957
11.614148329148945
11.687192006434575
39.97876607934908
42.83015066902361
44.59250559635057
45.51767574380015
46.27766853347213
46.10187198261022
10.31698856244247
10.863923811119694
11.07054569668953
11.14337988590094
39.077948116636726
42.70336921897361
44.2094668129504
45.31905387758962
46.10187198261022
47.17903927601286
36.542026625080126
35.507436742665575
34.61900507131806
0.0
11.114759742054261
11.6475675837392
11.823106522792827
11.814876615194095
11.622768318422047
11.075316003694907
35.507436742665575
35.60607921019435
34.83314054124988
0.0
11.714306620724694
12.224754965633892
12.38374608654333
12.369217548677845
12.175176709250472
11.627627986269175
34.61900507131806
34.83314054124988
34.34286665806708
0.0
28.533991125150006
12.489516999639546
12.613424324949321
12.586515495756073
12.389224167918494
11.841257777713121
0.0
0.0
0.0
32.110592567197436
29.866018526747304
12.639571802620733
12.713673414135114
12.670842090439171
12.469009328361384
36.90923469986555
11.114759742054261
11.714306620724694
28.533991125150006
29.866018526747304
28.533991175970836
12.72806619790541
12.757247745949323
40.632521921701425
40.69492187056062
40.836934359381004
11.6475675837392
12.224754965633892
12.489516999639546
12.639571802620733
12.72806619790541
40.051068083816965
42.45244481956848
43.025713254596305
43.46041863855819
43.06304260925272
11.823106522792827
12.38374608654333
12.613424324949321
12.713673414135114
12.757247745949323
42.45244481956848
43.68116731493239
44.48974742959349
44.74065799363399
44.46164990512382
11.814876615194095
12.369217548677847
12.586515495756073
12.670842090439171
40.632521921701425
43.025713254596305
44.48974742959349
45.31213367893702
45.67857661722009
45.41291705045319
11.622768318422047
12.175176709250472
12.389224167918494
12.469009328361384
40.69492187056062
43.46041863855819
44.74065799363399
45.67857661722009
46.32218148933643
46.157145762627316
11.075316003694907
11.627627986269175
11.841257777713121
36.90923469986555
40.836934359381004
43.06304260925272
44.46164990512382
45.41291705045319
46.157145762627316
47.17903927601286
36.75004032740128
35.750127532876164
34.89391087035136
0.0
11.863717099481628
12.398584444825469
12.574976848332737
12.565721421507098
12.370468788993504
11.8198575144537
35.750127532876164
35.858331624351685
35.12858338508707
0.0
12.469861322337211
12.981671941429198
13.141535560434603
13.125356589520234
12.928012298285964
12.377032708561844
34.89391087035136
35.12858338508707
34.650912197431516
0.0
29.9468824723254
13.254695717373982
13.378682684969771
13.349899300661475
13.148660527370417
12.596992288513235
0.0
0.0
0.0
32.50698887112088
30.582582569560454
27.391736421205966
13.486708736432174
13.441049468487163
38.5857389055172
37.631399758579285
11.863717099481628
12.469861322337211
29.9468824723254
30.582582569560454
30.021693837697423
13.506688376789695
40.632521921702256
41.47304830451608
41.80878742559095
41.56006886093906
12.398584444825469
12.981671941429198
13.254695717373982
27.391736421205966
13.506688376789695
41.66097884897329
42.90533128232014
43.52533184055858
43.809416183968004
43.425159895831015
12.574976848332737
13.141535560434603
13.378682684969771
13.486708736432174
40.632521921702256
42.90533128232014
44.008169592151354
44.73025093654122
44.93732886618326
44.64604080613174
12.565721421507098
13.125356589520234
13.349899300661475
13.441049468487163
41.47304830451608
43.52533184055858
44.73025093654122
45.48221315126966
45.79902634613076
45.51506894516206
12.370468788993506
12.928012298285964
13.148660527370417
38.5857389055172
41.80878742559095
43.809416183968004
44.93732886618326
45.79902634613076
46.378300180975906
46.200761633795295
11.8198575144537
12.377032708561844
12.596992288513235
37.631399758579285
41.56006886093906
43.42515989583102
44.64604080613174
45.51506894516206
46.200761633795295
47.17903927601286
36.95454845900159
35.98242555387883
35.161427770370324
0.0
12.5989901319198
13.135299326515348
13.312254644583183
13.301876085912188
13.104020164460113
12.550696129496767
35.98242555387883
36.10583221257107
35.400031906957466
0.0
27.39173624211205
13.723845179395772
13.884050164224265
13.866376409971151
13.666162175727091
13.112276836993958
35.161427770370324
35.400031906957466
34.94666936806045
0.0
30.730742191655196
28.084883507919045
14.128087638315861
14.097420501263082
13.89286895837419
35.431931945925925
0.0
0.0
0.0
32.89110011723587
31.10854015108702
28.759395693799135
14.243150832193463
39.43408059130574
39.38113598071046
39.59782103813805
12.5989901319198
27.39173624211205
30.730742191655196
31.10854015108702
30.859728552037282
39.97877291139771
41.658437848888624
42.16625488831509
42.53730709116874
42.10113446145169
13.135299326515348
13.723845179395772
28.084883507919045
28.759395693799135
39.97877291139771
42.391201206447484
43.23859063367399
43.94176181710875
44.04339172242916
43.757369462569905
13.312254644583183
13.884050164224265
14.128087638315861
14.243150832193463
41.658437848888624
43.23859063367399
44.345321703708734
44.91590942480769
45.149269451486326
44.78871286699808
13.30187608591219
13.866376409971151
14.097420501263082
39.43408059130574
42.16625488831509
43.94176181710875
44.91590942480769
45.65391340567914
45.89054370916061
45.62183465318975
13.104020164460113
13.666162175727091
13.89286895837419
39.38113598071046
42.53730709116874
44.04339172242916
45.149269451486326
45.89054370916061
46.443596218280334
46.23572470548214
12.550696129496767
13.112276836993958
35.431931945925925
39.59782103813805
42.10113446145169
43.757369462569905
44.78871286699808
45.62183465318975
46.23572470548214
47.17903927601286
37.15936909840535
36.208887215905
35.41441662925095
0.0
13.320741210821765
13.857921299985282
14.035279594888209
14.023702295038037
13.823645890423577
13.267989695541102
36.208887215905
36.34490028590143
35.65908595845693
0.0
28.8306502270883
27.391737947826776
14.611664502970516
14.592670538036169
14.389905445325102
13.833566889329349
35.41441662925095
35.65908595845693
35.221377358175786
0.0
31.228426464079455
29.52685062242233
14.862152115783646
14.82959754246948
37.22369651922444
36.23948299310987
0.0
0.0
0.0
33.241045461636716
31.62809099841746
29.73241310689884
39.69943626439197
40.33053167715577
40.74093144224404
40.39469583644552
13.320741210821765
28.8306502270883
31.228426464079455
31.62809099841746
38.44895348555646
41.30446905316428
42.19687554085165
42.82101817981871
42.966011543061306
42.61571023427761
13.857921299985282
27.391737947826776
29.52685062242233
29.73241310689884
41.30446905316428
42.739245856174186
43.6584847881327
44.19161298920665
44.328335904942506
43.97220576594932
14.035279594888209
14.611664502970516
14.862152115783646
39.69943626439197
42.19687554085165
43.6584847881327
44.586214449151136
45.13452393308419
45.309525186004706
44.950790174117394
14.023702295038039
14.592670538036169
14.82959754246948
40.33053167715577
42.82101817981871
44.19161298920665
45.13452393308419
45.77346890383002
45.99883466790907
45.6994129615577
13.823645890423577
14.389905445325102
37.22369651922444
40.74093144224404
42.966011543061306
44.328335904942506
45.309525186004706
45.99883466790907
46.497167238867426
46.27754035304488
13.267989695541102
13.833566889329349
36.23948299310987
40.39469583644552
42.61571023427761
43.97220576594932
44.950790174117394
45.6994129615577
46.27754035304488
47.17903927601286
37.36648746582007
36.43031256254948
35.653788390200965
0.0
26.295175112104573
14.566774156273619
14.744213076094605
14.7315438054537
14.529507145084063
13.97187991742109
36.43031256254948
36.57445264174932
35.90940705432118
0.0
29.6502133769885
29.040375401658682
15.324831893801559
15.304507030532925
15.099543208181425
34.01372145878341
35.653788390200965
35.90940705432118
35.47766611189016
0.0
31.66532813634312
30.34774703404147
27.375391933413997
38.22243997642616
38.093911522712865
38.36241465401875
0.0
0.0
0.0
33.570477894741614
32.1012804484163
39.434222466646425
40.73674524841444
41.25778635050646
41.547795877496895
41.12159080194336
26.295175112104573
29.6502133769885
31.66532813634312
32.1012804484163
40.36091609944117
41.94318880934199
42.7037365499772
43.27569794094344
43.327846536645374
43.00708147228996
14.566774156273619
29.040375401658682
30.34774703404147
39.434222466646425
41.94318880934199
43.11031443979461
44.002442427422196
44.429110485760326
44.58353099521849
44.16931213235137
14.744213076094605
15.324831893801559
27.375391933413997
40.73674524841444
42.7037365499772
44.002442427422196
44.808610335897285
45.331910957635415
45.45317928403571
45.101198748647306
14.7315438054537
15.304507030532925
38.22243997642616
41.25778635050646
43.27569794094344
44.429110485760326
45.331910957635415
45.88507190780479
46.103511668753086
45.77141059189837
14.529507145084063
15.099543208181425
38.093911522712865
41.547795877496895
43.327846536645374
44.58353099521849
45.45317928403571
46.103511668753086
46.54649535143557
46.318973385145405
13.97187991742109
34.01372145878341
38.36241465401875
41.12159080194336
43.00708147228996
44.16931213235137
45.101198748647306
45.77141059189837
46.318973385145405
47.17903927601286
37.57324636543826
36.64636690818314
35.885407078291834
0.0
27.76057789888991
26.98832508045664
15.43934738961717
15.425673336475388
15.221846895117466
14.662525764134404
36.64636690818314
36.797658260568255
36.14796439600156
0.0
30.23600920378727
30.015562128712702
27.375395771560914
16.00224814774107
35.89852389894053
34.90054781525442
35.885407078291834
36.14796439600156
35.723791403182965
0.0
32.09604764637899
30.937272818402903
38.68444361975601
39.1768180357609
39.6474370454298
39.227591047833776
0.0
0.0
0.0
33.887394658302355
38.587978801177464
40.675650201363
41.42547768772791
42.02266332918329
42.09032180587286
41.757429803078985
27.76057789888991
30.23600920378727
32.09604764637899
38.587978801177464
41.30828596948293
42.35364235951333
43.19221427388707
43.57773032509004
43.695580378674414
43.27423249423728
26.98832508045664
30.015562128712702
30.937272818402903
40.675650201363
42.35364235951333
43.52589969273999
44.25645525593406
44.6946540576216
44.77968377349634
44.386475117311655
15.43934738961717
27.375395771560914
38.68444361975601
41.42547768772791
43.19221427388707
44.25645525593406
45.04576515521799
45.48267875221053
45.608324180648886
45.21773109182321
15.425673336475388
16.00224814774107
39.1768180357609
42.02266332918329
43.57773032509004
44.6946540576216
45.48267875221053
46.012791743885636
46.18792867857515
45.853793701619054
15.221846895117466
35.89852389894053
39.6474370454298
42.09032180587286
43.695580378674414
44.77968377349634
45.608324180648886
46.18792867857515
46.60212023365089
46.35350663715333
14.662525764134404
34.90054781525442
39.227591047833776
41.757429803078985
43.27423249423728
44.386475117311655
45.21773109182321
45.853793701619054
46.35350663715333
47.17903927601286
37.77910883757038
36.85855829555122
36.110174517513364
0.0
28.708124461042267
28.58530607928598
26.29520738050744
16.10632412261947
15.90092673540025
32.65223960416512
36.85855829555122
37.015604627347315
36.37624579447229
0.0
30.781824154340587
30.65199148610701
28.976371045660436
37.01712090412761
36.83927163418439
37.142658742984075
36.110174517513364
36.37624579447229
35.96120783703181
0.0
32.49833311068429
38.685111992968615
39.75138256733318
40.307895179488995
40.52192390404692
40.12392176764746
0.0
0.0
0.0
36.97221340789204
40.14895141157475
41.33646522651166
42.081927879612024
42.53205190215466
42.58310229394899
42.211892667558246
28.708124461042267
30.781824154340587
32.49833311068429
40.14895141157475
41.81024531629507
42.81247332352967
43.540277558276856
43.89000951824067
43.98190260466193
43.541061032471994
28.58530607928598
30.65199148610701
38.685111992968615
41.33646522651166
42.81247332352967
43.85474348119537
44.517958699735075
44.92082200026647
44.97407644384738
44.57603807102407
26.29520738050744
28.976371045660436
39.75138256733318
42.081927879612024
43.54027755827685
44.517958699735075
45.24013367663235
45.635380785312314
45.74198923357585
45.33425377876787
16.10632412261947
37.01712090412761
40.307895179488995
42.53205190215466
43.89000951824067
44.92082200026647
45.635380785312314
46.1295670723717
46.273239335933745
45.93076244170562
15.90092673540025
36.83927163418439
40.52192390404692
42.58310229394899
43.98190260466193
44.97407644384738
45.74198923357585
46.273239335933745
46.653324221669095
46.38935287870573
32.65223960416512
37.142658742984075
40.12392176764746
42.211892667558246
43.541061032471994
44.576038071024065
45.33425377876787
45.93076244170562
46.38935287870573
47.17903927601286
37.99013349286963
37.067304047502724
36.32723003666381
0.0
29.49082669808919
29.54269520260709
28.223851215517346
16.77378136491445
34.61329805508647
33.612907057664906
37.067304047502724
37.22835217897601
36.59729918702293
0.0
31.294443716300087
31.17633434998998
37.63231455555412
38.02907818181476
38.54539486854119
38.07153961590985
36.32723003666381
36.59729918702293
36.188652309239366
0.0
38.22689639322827
39.90499237904847
40.60699335777543
41.15640917506482
41.191589440487014
40.856046360544234
0.0
0.0
0.0
39.091234326986964
40.96713972563416
41.87078088059406
42.615962814862314
42.92278445697426
43.0171401830214
42.558235943796355
29.49082669808919
31.294443716300087
38.22689639322827
40.96713972563416
42.23475826043426
43.238235641739855
43.828135110096476
44.19870386413817
44.21905315406888
43.80801353980032
29.54269520260709
31.17633434998998
39.90499237904847
41.87078088059406
43.238235641739855
44.12913812086295
44.776562901816966
45.10994315763486
45.1691383328027
44.734668619563436
28.223851215517346
37.63231455555412
40.60699335777543
42.615962814862314
43.828135110096476
44.776562901816966
45.404664322556606
45.793006853304135
45.856702290480605
45.4557238236439
16.77378136491445
38.02907818181476
41.15640917506482
42.92278445697426
44.19870386413817
45.10994315763486
45.793006853304135
46.230560674019266
46.36312801983772
45.99815398341418
34.61329805508647
38.54539486854119
41.191589440487014
43.0171401830214
44.21905315406888
45.1691383328027
45.856702290480605
46.36312801983772
46.69899950372398
46.42799363383754
33.612907057664906
38.07153961590985
40.856046360544234
42.558235943796355
43.80801353980032
44.734668619563436
45.45572382364389
45.99815398341418
46.42799363383754
47.17903927601286
38.20988656122722
37.27238612907042
36.53800665342834
0.0
30.1863309496874
30.226365651590108
29.40247108348477
35.82952906753233
35.62054663726999
35.94618745380075
37.27238612907042
37.4365530208842
36.81175289711608
0.0
31.751107559313212
37.83120817002056
38.73680318408351
39.33063457537538
39.480699337424944
39.11456214683563
36.53800665342834
36.81175289711608
36.40768640083986
0.0
39.661768829810086
40.64994072771876
41.37871456188328
41.74140651680448
41.799545917731336
41.385120985906994
0.0
0.0
0.0
40.232299996307205
41.47705779528816
42.405293575795994
42.99479253399005
43.31335069101646
43.343141042756635
42.900173639106015
30.1863309496874
31.751107559313212
39.661768829810086
41.47705779528816
42.70250931547643
43.565890287546786
44.1327389741618
44.45154096828224
44.46314022672517
44.031875129736164
30.226365651590108
37.83120817002056
40.64994072771876
42.405293575795994
43.565890287546786
44.41215788982976
44.988432176886676
45.3033774653174
45.33343193969872
44.895489061965286
29.40247108348477
38.73680318408351
41.37871456188328
42.99479253399005
44.1327389741618
44.988432176886676
45.57798895925798
45.929532935656205
45.976621509351915
45.563153780361986
35.82952906753233
39.33063457537538
41.74140651680448
43.31335069101646
44.45154096828224
45.3033774653174
45.929532935656205
46.335265898836475
46.44353134938535
46.068351656668824
35.62054663726999
39.480699337424944
41.799545917731336
43.343141042756635
44.46314022672517
45.33343193969872
45.976621509351915
46.44353134938535
46.747919129806164
46.46359135530407
35.94618745380075
39.11456214683563
41.385120985906994
42.900173639106015
44.031875129736164
44.895489061965286
45.563153780361986
46.068351656668824
46.46359135530407
47.17903927601286
38.43290766031491
37.47605139586547
36.743751664095164
0.0
30.76975570052954
30.830374038874886
36.56822449746754
36.89771929454921
37.44721313396335
36.93471091509952
37.47605139586547
37.64082784333192
37.01992736774376
0.0
37.635331098532504
39.05618631778956
39.7513390186689
40.24742086632015
40.27563547284274
39.92558176798872
36.743751664095164
37.01992736774376
36.88360465167777
0.0
40.45685746273422
41.31130003741582
41.959003793460084
42.23441503457795
42.29378875905434
41.82397395829131
0.0
0.0
0.0
40.88549267550277
41.971846035324404
42.8372316880542
43.34000635856235
43.65615678477407
43.63442608277483
43.208317448831956
30.76975570052954
37.635331098532504
40.45685746273422
41.971846035324404
43.10835629821087
43.86823583123816
44.41517253416931
44.680491733602906
44.694039496440276
44.232975634128294
30.83037403887489
39.05618631778956
41.31130003741582
42.8372316880542
43.86823583123816
44.66919264684729
45.18282053455889
45.48615759275779
45.48368528481551
45.049581956124925
36.56822449746754
39.7513390186689
41.959003793460084
43.34000635856235
44.41517253416931
45.18282053455889
45.74710067460538
46.05565376652796
46.095790283420115
45.6625595479409
36.89771929454921
40.24742086632015
42.23441503457795
43.65615678477407
44.680491733602906
45.48615759275779
46.05565376652796
46.438295021719995
46.518985195429394
46.13855235318036
37.44721313396335
40.27563547284274
42.29378875905434
43.63442608277483
44.694039496440276
45.48368528481551
46.09579028342012
46.518985195429394
46.79855876831191
46.49795317652227
36.93471091509952
39.92558176798872
41.82397395829131
43.208317448831956
44.232975634128294
45.049581956124925
45.6625595479409
46.13855235318036
46.49795317652227
47.17903927601286
38.656305391961055
37.68040369293136
36.944748804228986
0.0
31.267307094616644
36.92146722583477
37.7134686403841
38.33960243610379
38.438389776843316
38.101393099282305
37.68040369293136
37.84261060137506
37.22277209866043
0.0
39.02161741446057
39.91231713622298
40.61203041918084
40.9206514079848
40.98001960079531
40.537202147311326
36.944748804228986
37.22277209866043
37.93980466887442
0.0
41.03735565963705
41.89998373105208
42.397010510257374
42.69362719128693
42.67605510334641
42.23546980317786
0.0
0.0
0.0
41.37116427109561
42.4578011758241
43.18317114355824
43.68768859095841
43.93962781914857
43.92657439828369
43.46688281712945
31.267307094616644
39.02161741446057
41.03735565963705
42.4578011758241
43.43924340482121
44.17269839277947
44.652725882344434
44.91067940289188
44.891100610947376
44.4343109950364
36.92146722583477
39.91231713622298
41.89998373105208
43.18317114355824
44.17269839277947
44.88638994472118
45.38184807405138
45.644920985781546
45.637602409427856
45.18507921483399
37.7134686403841
40.61203041918084
42.397010510257374
43.68768859095841
44.652725882344434
45.38184807405138
45.895257408256356
46.18561483053052
46.20220650475757
45.765046849810005
38.33960243610379
40.9206514079848
42.69362719128693
43.93962781914857
44.91067940289188
45.644920985781546
46.18561483053052
46.53097172478802
46.59788419944257
46.202729781679146
38.438389776843316
40.98001960079531
42.67605510334641
43.92657439828369
44.891100610947376
45.637602409427856
46.20220650475757
46.59788419944257
46.84561254721292
46.53469311936007
38.101393099282305
40.537202147311326
42.23546980317786
43.46688281712945
44.4343109950364
45.18507921483399
45.76504684981001
46.202729781679146
46.53469311936008
47.17903927601286
38.89069439985504
37.88414027713816
37.14196070817302
0.0
36.92222744904839
38.16481923663154
38.86946403281596
39.315105372083494
39.34809118785181
38.97921629520998
37.88414027713816
38.04380862337371
37.45035886032323
0.0
39.83701469749551
40.682610266185335
41.248193232094586
41.51270026137767
41.53590793914886
41.06856983257135
37.14196070817302
37.45035886032323
38.86154801163442
0.0
41.594079569660046
42.35219447341238
42.809550066068596
43.07175000006781
43.0300952189296
42.58348987431101
0.0
0.0
0.0
41.860849982155834
42.85509164067349
43.52186225339737
43.992474614478276
44.210547272562735
44.189128734450804
43.71124654541241
36.92222744904839
39.83701469749551
41.594079569660046
42.85509164067349
43.75997922287003
44.44019907634822
44.88036300787165
45.118865412759234
45.07851208324353
44.61863370377747
38.16481923663154
40.682610266185335
42.35219447341238
43.52186225339737
44.44019907634822
45.09772491769596
45.565323719941574
45.79868814722715
45.78230340489232
45.315838338661784
38.86946403281596
41.248193232094586
42.809550066068596
43.992474614478276
44.88036300787165
45.565323719941574
46.03837059008594
46.30861120880009
46.30541532140247
45.86315198068347
39.315105372083494
41.51270026137767
43.07175000006781
44.210547272562735
45.118865412759234
45.79868814722715
46.30861120880009
46.62198698617192
46.674574347092204
46.26624290209499
39.34809118785181
41.53590793914886
43.0300952189296
44.189128734450804
45.07851208324353
45.78230340489232
46.30541532140247
46.674574347092204
46.89253312720563
46.57125717061198
38.97921629520998
41.06856983257135
42.58348987431101
43.71124654541241
44.61863370377747
45.315838338661784
45.86315198068347
46.26624290209499
46.57125717061198
47.17903927601286
39.14297334345983
38.08659415647237
37.33654517287299
0.0
38.292805603441785
39.13792014528445
39.80142193603559
40.078687682994406
40.13262556860086
39.6734258472204
38.08659415647237
38.257325561593355
37.80130820286413
0.0
40.47891208205113
41.31739150852646
41.76170918116718
42.03234660292509
41.986644043759014
41.54295014860638
37.33654517287299
37.80130820286413
39.469950454851755
0.0
42.08227484741536
42.738134986246884
43.194333701936976
43.39617321589931
43.365304178437924
42.883389106390446
0.0
0.0
0.0
42.31223929553066
43.19891860562142
43.849049136446475
44.25944596740843
44.47458142842451
44.420058819657214
43.94966950228595
38.292805603441785
40.47891208205113
42.08227484741536
43.19891860562142
44.066238323516
44.67675590024001
45.10282237845728
45.304701303791774
45.262888173461306
44.78393297210077
39.13792014528445
41.31739150852646
42.738134986246884
43.849049136446475
44.67675590024001
45.308065401548404
45.730627826172515
45.95314867034057
45.91386777946115
45.447461780756825
39.80142193603559
41.76170918116718
43.194333701936976
44.25944596740843
45.10282237845728
45.730627826172515
46.18135028462355
46.421412977272546
46.40960699574699
45.953869663998866
40.078687682994406
42.03234660292509
43.39617321589931
44.47458142842451
45.304701303791774
45.95314867034057
46.421412977272546
46.71529451768857
46.746355027658225
46.332020849574924
40.13262556860086
41.986644043759014
43.365304178437924
44.420058819657214
45.262888173461306
45.91386777946115
46.40960699574699
46.746355027658225
46.941421095468186
46.60639703827194
39.6734258472204
41.54295014860638
42.883389106390446
43.94966950228595
44.78393297210077
45.447461780756825
45.953869663998866
46.332020849574924
46.60639703827194
47.17903927601286
39.401341339993
38.29227583450792
37.53459580620251
0.0
39.16004266861083
39.99708349655052
40.4995476076829
40.758524099578
40.749771563022556
40.28873544828092
38.29227583450792
38.53288762253096
38.23775826018693
0.0
41.06835651342679
41.80864072727902
42.239089879884666
42.4542371092893
42.40381415640076
41.93601078316586
37.53459580620251
38.23775826018693
39.93160285601593
0.0
42.479827655501374
43.11655230116271
43.52366527492236
43.710525684650214
43.658491476568166
43.171750662333395
0.0
0.0
0.0
42.688389818674985
43.536029004826226
44.13373871030015
44.51960064354066
44.70932450930773
44.64352027563988
44.16370132910803
39.16004266861083
41.06835651342679
42.479827655501374
43.536029004826226
44.333251543103536
44.91009775909522
45.30317457642943
45.4874105228502
45.431468748242665
44.94591218494977
39.99708349655052
41.80864072727902
43.11655230116271
44.13373871030015
44.91009775909522
45.498880832941204
45.89386523893275
46.096089559998425
46.0437091477431
45.57036491943821
40.4995476076829
42.239089879884666
43.52366527492236
44.51960064354066
45.30317457642943
45.89386523893275
46.31407498815617
46.53368854535792
46.50796196449725
46.04440713595792
40.758524099578
42.4542371092893
43.710525684650214
44.70932450930773
45.4874105228502
46.096089559998425
46.53368854535792
46.8040625887157
46.818694383431776
46.39549940899687
40.749771563022556
42.40381415640076
43.658491476568166
44.64352027563988
45.431468748242665
46.0437091477431
46.50796196449725
46.818694383431776
46.98920210101138
46.64266909746851
40.288735448280924
41.93601078316586
43.1717506623334
44.16370132910803
44.94591218494977
45.57036491943821
46.04440713595792
46.39549940899687
46.64266909746851
47.17903927601286
39.65412214783922
38.509036934744174
37.75882138817482
0.0
39.87907918982814
40.67421650366437
41.090673078200204
41.330405683151206
41.27032758970829
40.81696863245182
38.509036934744174
38.877866098455456
38.636750256547685
0.0
41.56214680290343
42.24548344658914
42.65882300181054
42.82860817777134
42.779084312616106
42.28430223888042
37.75882138817482
38.636750256547685
40.3868985540186
0.0
42.842966379958376
43.46434688919214
43.824100904378575
44.00515054691245
43.925098043818124
43.44372376496218
0.0
0.0
0.0
43.03242383978844
43.847000076552064
44.395092047377744
44.764966950610145
44.92500761878816
44.85611497115767
44.36036260310659
39.87907918982814
41.56214680290343
42.842966379958376
43.847000076552064
44.58034223887266
45.13306148475479
45.48961124175448
45.66438722477694
45.5886488413069
45.1035838255216
40.67421650366437
42.24548344658914
43.46434688919214
44.395092047377744
45.13306148475479
45.67650569114436
46.052651136782664
46.23016014015714
46.17105698518207
45.6860124065252
41.090673078200204
42.65882300181054
43.824100904378575
44.764966950610145
45.48961124175448
46.052651136782664
46.43934425234734
46.64482678520605
46.6016358972239
46.1347273048109
41.330405683151206
42.82860817777134
44.00515054691245
44.92500761878816
45.66438722477694
46.23016014015714
46.64482678520605
46.888897603811714
46.89153410985648
46.45684201095939
41.27032758970829
42.779084312616106
43.925098043818124
44.85611497115767
45.5886488413069
46.17105698518207
46.6016358972239
46.89153410985648
47.03600413498287
46.68002120187348
40.81696863245182
42.28430223888042
43.44372376496218
44.36036260310659
45.1035838255216
45.6860124065252
46.1347273048109
46.45684201095939
46.68002120187348
47.17903927601286
39.90454913582372
38.75018682779399
38.016783376831285
0.0
40.50544909288419
41.211976091521656
41.62100417589881
41.79911608935567
41.74057204407858
41.25516139225397
38.75018682779399
39.22877334654519
39.000870654434834
0.0
41.9743939773243
42.65883981243482
43.019703780046335
43.184717547685594
43.106281551441455
42.615219542970124
38.016783376831285
39.000870654434834
40.815955666930265
0.0
43.19346844531508
43.769311368704976
44.11562801815043
44.26745519424644
44.18298588022628
43.68744174810241
0.0
0.0
0.0
43.36139854071354
44.12156194164748
44.64969269838643
44.98607221455771
45.13544746375419
45.04950064350604
44.55203691251578
40.50544909288419
41.9743939773243
43.19346844531508
44.12156194164748
44.82357429322198
45.335534028184945
45.67386560580084
45.827293819449956
45.7439407641194
45.24963267841814
41.211976091521656
42.65883981243482
43.769311368704976
44.64969269838643
45.335534028184945
45.8516323849241
46.199671202933885
46.36306215152096
46.29020764236686
45.800826389151226
41.62100417589881
43.019703780046335
44.11562801815043
44.98607221455771
45.67386560580084
46.199671202933885
46.564489794295284
46.749585627702864
46.69582763208794
46.22063584383274
41.79911608935567
43.184717547685594
44.26745519424644
45.13544746375419
45.827293819449956
46.36306215152096
46.749585627702864
46.97431885821427
46.961505600291524
46.51920741836603
41.74057204407858
43.106281551441455
44.18298588022628
45.04950064350604
45.7439407641194
46.29020764236686
46.69582763208794
46.961505600291524
47.084294445753066
46.71676916121151
41.25516139225397
42.615219542970124
43.68744174810241
44.55203691251578
45.24963267841814
45.800826389151226
46.22063584383274
46.51920741836603
46.71676916121151
47.17903927601286
40.15557862369153
39.01633808414506
38.29669334214687
0.0
41.015826011040254
41.69282729298646
42.07033941717248
42.219034041413025
42.14783095395987
41.646899269984424
39.01633808414506
39.55662955273726
39.38045679561306
0.0
42.35837901394551
43.02612687018486
43.35682632658837
43.50805359305424
43.4104986494301
42.91827339304903
38.29669334214687
39.38045679561306
41.18296782285071
0.0
43.509274798001236
44.05613734744381
44.38405496229219
44.513777380997404
44.422672915752344
43.915822442867295
0.0
0.0
0.0
43.657442275219324
44.381427052149135
44.88632800153802
45.19623073701271
45.333733747049884
45.233152857632575
44.733679318479105
41.015826011040254
42.35837901394551
43.509274798001236
44.381427052149135
45.050921831916554
45.52871020411459
45.849036475452586
45.983053620156525
45.892736935215204
45.38931468478145
41.69282729298646
43.02612687018486
44.05613734744381
44.88632800153802
45.52871020411459
46.01838194307757
46.34104311947024
46.49130897572508
46.40522739409023
45.91230895790815
42.07033941717248
43.35682632658837
44.38405496229219
45.19623073701271
45.849036475452586
46.34104311947024
46.6857957265795
46.85128500259074
46.788202256499616
46.304437078081015
42.219034041413025
43.50805359305424
44.513777380997404
45.333733747049884
45.983053620156525
46.49130897572508
46.85128500259074
47.058444261734785
47.03040763361538
46.581374684891614
42.14783095395987
43.4104986494301
44.422672915752344
45.233152857632575
45.892736935215204
46.40522739409023
46.788202256499616
47.03040763361538
47.13304256062639
46.75381452436992
41.646899269984424
42.91827339304903
43.915822442867295
44.733679318479105
45.38931468478145
45.91230895790815
46.304437078081015
46.581374684891614
46.75381452436992
47.17903927601286
40.401043878972146
39.28962940768678
38.59786221010376
0.0
41.45031692004343
42.12721785390956
42.45990473467326
42.603676595770146
42.503744113956955
42.007267400942425
39.28962940768678
39.88570132420325
39.75374823269422
0.0
42.7201005741608
43.354318546343094
43.67719880030678
43.79945962981894
43.700320881616456
43.19223049411842
38.59786221010376
39.75374823269422
41.51691420494956
0.0
43.79390227778683
44.33036381512596
44.6286586095286
44.75054831027663
44.64220462687021
44.1355439055185
0.0
0.0
0.0
43.92597505520812
44.63190148231583
45.10392078400575
45.40076909625878
45.51753474987269
45.412305837916094
44.90262617264261
41.45031692004343
42.7201005741608
43.79390227778683
44.63190148231583
45.26027855168297
45.71728128979305
46.012335671422555
46.13585747373214
46.032296595434744
45.526550608001024
42.12721785390956
43.3543185463431
44.33036381512596
45.10392078400575
45.71728128979305
46.17437889297618
46.480540666137784
46.61255229886817
46.51931479300994
46.01824998463736
42.45990473467326
43.67719880030678
44.62865860952861
45.40076909625878
46.012335671422555
46.480540666137784
46.800727579713126
46.9526712076442
46.87666629272231
46.38841249093953
42.603676595770146
43.79945962981895
44.75054831027663
45.51753474987269
46.13585747373214
46.61255229886817
46.9526712076442
47.13943965893298
47.10008134749536
46.64192319092961
42.503744113956955
43.700320881616456
44.64220462687021
45.412305837916094
46.032296595434744
46.51931479300994
46.87666629272231
47.10008134749536
47.18101128132486
46.7920919570807
42.007267400942425
43.19223049411842
44.1355439055185
44.90262617264261
45.526550608001024
46.01824998463736
46.38841249093953
46.64192319092961
46.7920919570807
47.17903927601286
40.637090871853516
39.56205675487477
38.91658819242651
0.0
41.85108542009049
42.50554919701278
42.8215745213235
42.94480803688707
42.83394697903735
42.32947278849117
39.56205675487477
40.21982660421513
40.09200490218318
0.0
43.04409242840922
43.66552868893115
43.96827751299175
44.07582577258709
43.96595232957278
43.45144945930923
38.91658819242651
40.09200490218318
41.83539460455875
0.0
44.06496226206399
44.58200001398965
44.86281013221008
44.970408190714686
44.85223204885868
44.34060558059244
0.0
0.0
0.0
44.18350737207402
44.863149574027645
45.31386967808504
45.5924961843319
45.69513245409075
45.5814244466285
45.06576187029126
41.85108542009049
43.04409242840922
44.06496226206399
44.863149574027645
45.46207581972822
45.89475675749763
46.17067469259498
46.281160452800414
46.16786105905269
45.65768324859467
42.50554919701278
43.66552868893115
44.58200001398965
45.31386967808504
45.89475675749763
46.32629023723564
46.61384656150549
46.73124560632913
46.62927362851495
46.12217869730513
42.8215745213235
43.96827751299175
44.86281013221008
45.5924961843319
46.17067469259498
46.61384656150549
46.913330676464106
47.05092050719606
46.96397483290421
46.47040880514959
42.944808036887075
44.07582577258709
44.970408190714686
45.69513245409075
46.281160452800414
46.73124560632913
47.05092050719606
47.21984340489315
47.16870019781134
46.70260378282517
42.83394697903735
43.96595232957278
44.85223204885868
45.5814244466285
46.16786105905269
46.62927362851495
46.96397483290421
47.16870019781134
47.22950226169508
46.830617957276544
42.32947278849117
43.45144945930923
44.34060558059244
45.06576187029126
45.65768324859467
46.12217869730513
46.47040880514959
46.70260378282517
46.830617957276544
47.17903927601286
40.86610791401509
39.83971018803261
39.23280190500114
0.0
42.216841053164984
42.8471033480173
43.15524778470008
43.2546357673195
43.14061303186434
42.622464319768426
39.83971018803261
40.53787471019234
40.411187050078034
0.0
43.340672179784384
43.95725573972866
44.23681928357132
44.33688575341728
44.21159065028932
43.69689436028274
39.23280190500114
40.411187050078034
42.12579263169066
0.0
44.320821528993775
44.81644569996181
45.08657673595176
45.17631553027616
45.053804468145316
44.53291890843289
0.0
0.0
0.0
44.42727280627579
45.07913985065167
45.51575003759624
45.77315983059335
45.86699178347442
45.74128930426689
45.22396264424136
42.216841053164984
43.340672179784384
44.320821528993775
45.07913985065167
45.65623926673043
46.062640137772334
46.32464392349241
46.41948751483828
46.300307687380545
45.782857091318114
42.8471033480173
43.957255739728666
44.81644569996181
45.51575003759624
46.062640137772334
46.47443708323779
46.741237965421966
46.847955478436795
46.73497738097864
46.22475955923673
43.15524778470008
44.23681928357132
45.08657673595176
45.77315983059335
46.32464392349241
46.741237965421966
47.02425883918449
47.1458600490673
47.050750128788614
46.55013160942946
43.2546357673195
44.336885753417285
45.17631553027616
45.86699178347442
46.41948751483828
46.847955478436795
47.1458600490673
47.30012791203028
47.23595194581336
46.7638182129447
43.14061303186434
44.21159065028932
45.053804468145316
45.74128930426689
46.300307687380545
46.73497738097864
47.050750128788614
47.23595194581336
47.278897034134516
46.86921940968188
42.622464319768426
43.69689436028275
44.53291890843289
45.22396264424136
45.782857091318114
46.22475955923673
46.55013160942946
46.7638182129447
46.86921940968188
47.17903927601286
41.088195003277455
40.11902381565848
39.53818162230689
0.0
42.54375371521954
43.16802699878755
43.456548272690405
43.54660058813132
43.419483464823394
42.898428098171536
40.11902381565848
40.83741826591682
40.72061777001619
0.0
43.62202215225505
44.22411204232749
44.49291001284102
44.57780315334659
44.446015747442395
43.924270071004635
39.53818162230689
40.72061777001619
42.39010874148327
0.0
44.556920317985416
45.04221892451557
45.29535799688399
45.375233842535586
45.24294172018967
44.71868156838729
0.0
0.0
0.0
44.65262547584686
45.28747663978152
45.70499026905571
45.94850434274669
46.029414343271185
45.89667023369209
45.37401840771844
42.54375371521954
43.62202215225505
44.556920317985416
45.28747663978152
45.83861655374239
46.22618247752384
46.47095469920856
46.55483963138907
46.42693477794643
45.90550315670148
43.16802699878755
44.22411204232749
45.04221892451557
45.70499026905571
46.22618247752384
46.61544539702165
46.866286859826175
46.960131322708115
46.83917597792745
46.32385113959858
43.456548272690405
44.49291001284102
45.29535799688399
45.94850434274669
46.47095469920856
46.866286859826175
47.13115738846247
47.239910294346174
47.13519817043151
46.6294997512386
43.54660058813132
44.57780315334659
45.375233842535586
46.029414343271185
46.55483963138907
46.960131322708115
47.239910294346174
47.378543759559946
47.303401604272544
46.82425842804839
43.419483464823394
44.446015747442395
45.24294172018967
45.89667023369209
46.42693477794643
46.83917597792745
47.13519817043151
47.303401604272544
47.328159069792555
46.90875292909453
42.898428098171536
43.924270071004635
44.7186815683873
45.37401840771844
45.90550315670148
46.32385113959858
46.6294997512386
46.82425842804839
46.90875292909453
47.17903927601286
41.30067509621319
40.38989364004853
39.83848664276414
0.0
42.845616150717504
43.464057426183686
43.73627188315142
43.81792996588441
43.67878568441211
43.15572730946068
40.38989364004853
41.126351484238185
41.008961587975435
0.0
43.88451500364318
44.47446182187535
44.73371994775619
44.80470837945099
44.66756225799934
44.13853202643885
39.83848664276414
41.008961587975435
42.64198339133224
0.0
44.78015902010204
45.25634049227439
45.49383700596833
45.565251175120224
45.42307845737915
44.896603904339884
0.0
0.0
0.0
44.86594129024258
45.48564807924769
45.88543229913253
46.11692405497077
46.1850031720612
46.04659410806528
45.51795314969954
42.845616150717504
43.88451500364318
44.78015902010204
45.48564807924769
46.012929656048044
46.383781719899474
46.61183362111101
46.68624010099892
46.54927319535526
46.02495732600946
43.464057426183686
44.47446182187535
45.25634049227439
45.88543229913253
46.383781719899474
46.75131872816521
46.98808971923708
47.06896857293838
46.94131152869224
46.420312641103266
43.73627188315142
44.73371994775619
45.49383700596833
46.11692405497077
46.61183362111101
46.98808971923708
47.23517398269682
47.33252485937503
47.21800712531225
46.70814010887876
43.81792996588441
44.80470837945099
45.565251175120224
46.1850031720612
46.68624010099892
47.06896857293838
47.33252485937503
47.45565943217251
47.370715791291545
46.88427077398852
43.67878568441211
44.66756225799934
45.42307845737915
46.04659410806528
46.54927319535526
46.94131152869224
47.21800712531225
47.370715791291545
47.37754898062927
46.94901036678532
43.15572730946068
44.13853202643885
44.896603904339884
45.51795314969954
46.02495732600946
46.420312641103266
46.70814010887876
46.88427077398852
46.94901036678532
47.17903927601286
41.50291332596505
40.65183393496055
40.130840003890285
0.0
43.129239123191496
43.73527451819919
44.00038178315751
44.06808933562301
43.92414688918708
43.393587078444234
40.65183393496055
41.40157485747034
41.27665663245665
0.0
44.12756188794482
44.713171519693425
44.9582608491253
45.02203872459464
44.8750197529551
44.343929742447266
40.130840003890285
41.27665663245665
42.88118403175196
0.0
44.99424452260118
45.45730849270821
45.685455092835774
45.74475694780691
45.597364789279176
45.06510739931283
0.0
0.0
0.0
45.07053183398912
45.67217827049315
46.06022052240497
46.276916551896115
46.33644737890903
46.1896472259453
45.65824335492423
43.129239123191496
44.12756188794482
44.99424452260118
45.67217827049315
46.182064561454744
46.53388547173225
46.749554000540854
46.81228077213373
46.669266006504806
46.13991595115302
43.73527451819919
44.713171519693425
45.45730849270821
46.06022052240497
46.53388547173225
46.884284973344975
47.10530512503674
47.17618503292522
47.0402218894883
46.515632975913825
44.00038178315751
44.9582608491253
45.685455092835774
46.276916551896115
46.749554000540854
47.10530512503674
47.337882225657175
47.4225942363304
47.30037609733225
46.785090693027634
44.06808933562301
45.02203872459464
45.74475694780691
46.33644737890903
46.81228077213373
47.17618503292522
47.4225942363304
47.53260163807893
47.4370467014637
46.94470164589667
43.92414688918708
44.8750197529551
45.597364789279176
46.1896472259453
46.669266006504806
47.0402218894883
47.30037609733225
47.4370467014637
47.427739659204825
46.98949143011544
43.393587078444234
44.343929742447266
45.06510739931283
45.65824335492423
46.13991595115302
46.515632975913825
46.785090693027634
46.94470164589667
46.98949143011544
47.17903927601286
41.697049925073124
40.90692243392367
40.408139119253754
0.0
43.391654121177716
43.98997008893964
44.24618341195677
44.303815416797114
44.153551270249686
43.61784227300915
40.90692243392367
41.65956264175277
41.53292299122912
0.0
44.35794426228612
44.93735044705569
45.17209400945111
45.22743505543335
45.07292936352733
44.53857985269703
40.408139119253754
41.53292299122912
43.1036312591666
0.0
45.19634406590156
45.64967957914859
45.86786043445193
45.917261467589476
45.76399413284083
45.227169936757036
0.0
0.0
0.0
45.26384533552563
45.85116560993837
46.227267783982256
46.431472160402926
46.482155505354896
46.328188738737296
45.793603134883675
43.391654121177716
44.35794426228612
45.19634406590156
45.85116560993837
46.34389002188811
46.67918465026589
46.882556500101806
46.93489393467065
46.7857267496683
46.25195997433145
43.98997008893964
44.93735044705569
45.64967957914859
46.227267783982256
46.67918465026589
47.01288663254102
47.21967872045834
47.28072488582261
47.13719178927633
46.60896377707574
44.24618341195677
45.17209400945111
45.86786043445193
46.431472160402926
46.882556500101806
47.21967872045834
47.43821035887117
47.51123579028372
47.381511126951196
46.861198055948556
44.303815416797114
45.22743505543335
45.917261467589476
46.482155505354896
46.93489393467065
47.28072488582261
47.51123579028372
47.60864071326869
47.503090222490094
47.0050015934939
44.153551270249686
45.07292936352733
45.76399413284083
46.328188738737296
46.7857267496683
47.137191789276336
47.381511126951196
47.503090222490094
47.47825657021913
47.03059808746836
43.61784227300915
44.53857985269703
45.227169936757036
45.793603134883675
46.25195997433145
46.60896377707574
46.861198055948556
47.0050015934939
47.03059808746836
47.17903927601286
41.88392923268472
41.151660650255444
40.671610753125854
0.0
43.635424213270554
44.23035493983927
44.47562022325695
44.5272512369799
44.368362793181554
43.830746620591164
41.151660650255444
41.90469711323251
41.77707911615793
0.0
44.57722084310626
45.14828850331422
45.3765765905877
45.42159851022059
45.26273480690936
44.722906829421284
40.671610753125854
41.77707911615793
43.31374656742542
0.0
45.38743570117581
45.83460236772485
46.04138084250492
46.08391269923696
45.9230468668677
45.38398804985074
0.0
0.0
0.0
45.44710127017017
46.023669296656124
46.38678691916513
46.58150413850764
46.622068595329424
46.46312409335605
45.923863576657915
43.635424213270554
44.57722084310626
45.38743570117581
46.023669296656124
46.498521175413856
46.82052558772585
47.010670499959296
47.05484864691221
46.898390955560046
46.361836831713994
44.23035493983927
45.14828850331422
45.83460236772485
46.38678691916513
46.82052558772585
47.13696353045102
47.33188565291233
47.382312659540275
47.23281389390452
46.6999942537739
44.47562022325695
45.3765765905877
46.04138084250492
46.58150413850764
47.010670499959296
47.33188565291233
47.53584603333106
47.598968795687576
47.461079071488946
46.93691484230483
44.5272512369799
45.42159851022059
46.08391269923696
46.622068595329424
47.05484864691221
47.382312659540275
47.598968795687576
47.68345695849062
47.56921113044609
47.0648765545931
44.368362793181554
45.26273480690936
45.9230468668677
46.46312409335605
46.898390955560046
47.23281389390452
47.461079071488946
47.56921113044609
47.528816766741045
47.07253205565847
43.830746620591164
44.722906829421284
45.38398804985074
45.923863576657915
46.361836831713994
46.6999942537739
46.93691484230483
47.0648765545931
47.07253205565847
47.17903927601286
42.06238360568517
41.38452646705057
40.92402605533065
0.0
43.865997796380675
44.455048147310414
44.69344929461556
44.73712383731833
44.57272760673419
44.03121388172813
41.38452646705057
42.13930902959429
42.006181146098015
0.0
44.783623180837594
45.34990525685025
45.57002871283091
45.607844669115615
45.442989694751766
44.89987461697435
40.92402605533065
42.006181146098015
43.51497016867198
0.0
45.57087160854391
46.010478455113535
46.208823819955676
46.24332721748178
46.076905891124355
45.534363349344886
0.0
0.0
0.0
45.62336323140342
46.1881329927644
46.541219640556776
46.72565159537979
46.7581339465447
46.59330967739082
46.050722752621155
43.865997796380675
44.783623180837594
45.57087160854391
46.1881329927644
46.6483123514832
46.95661188512965
47.13563559846502
47.17109823970843
47.008664446445664
46.468647038906916
44.455048147310414
45.34990525685025
46.01047845511354
46.541219640556776
46.95661188512965
47.25815591026374
47.44090631466321
47.48214902522879
47.3262546210362
46.78972216477003
44.69344929461556
45.57002871283091
46.208823819955676
46.72565159537979
47.13563559846502
47.44090631466321
47.63193749268505
47.685007297909856
47.5399221007637
47.01158462888611
44.73712383731833
45.607844669115615
46.24332721748178
46.7581339465447
47.17109823970843
47.48214902522879
47.685007297909856
47.75781409607187
47.63481230638395
47.12488938193174
44.57272760673419
45.442989694751766
46.076905891124355
46.59330967739082
47.008664446445664
47.3262546210362
47.5399221007637
47.63481230638395
47.57988270242494
47.11491116739158
44.03121388172813
44.89987461697435
45.534363349344886
46.050722752621155
46.468647038906916
46.78972216477003
47.01158462888611
47.12488938193174
47.11491116739158
47.17903927601286
42.22962908802319
41.608070335337416
41.1638316324766
0.0
44.08380980238045
44.66681953118491
44.899998044912024
44.93563624869171
44.76710217540759
44.2210938440362
41.608070335337416
42.36158413098487
42.22361261736469
0.0
44.97922947239502
45.54216968466024
45.754139127994804
45.786242346481814
45.615000429543535
45.0696982531534
41.1638316324766
42.22361261736469
43.705729905129964
0.0
45.746523578112246
46.17870439426894
46.37015054825036
46.39649794373088
46.22564615373523
45.67908546624402
0.0
0.0
0.0
45.79228809661873
46.345746258161974
46.69045878563233
46.86469057561754
46.890331234333615
46.71929342220526
46.174243662290976
44.08380980238045
44.97922947239502
45.746523578112246
46.345746258161974
46.7931914024297
47.08813461868312
47.257425836939156
47.2840726235402
47.11658203211293
46.572699659118314
44.66681953118491
45.54216968466024
46.17870439426894
46.69045878563233
47.08813461868312
47.37639934616732
47.547100963914154
47.58021617396417
47.41772303740287
46.878166024388285
44.899998044912024
45.754139127994804
46.37015054825036
46.86469057561754
47.257425836939156
47.547100963914154
47.726472481486034
47.769515418398015
47.618041833361715
47.08529206391126
44.93563624869171
45.786242346481814
46.39649794373088
46.890331234333615
47.2840726235402
47.58021617396417
47.769515418398015
47.8316886169154
47.699940671930506
47.185022275775594
44.76710217540759
45.615000429543535
46.22564615373523
46.71929342220526
47.11658203211293
47.41772303740287
47.618041833361715
47.699940671930506
47.631442326025066
47.15775390097102
44.2210938440362
45.0696982531534
45.67908546624402
46.174243662290976
46.572699659118314
46.878166024388285
47.08529206391126
47.185022275775594
47.15775390097102
47.17903927601286
42.38771575241276
41.82257960336762
41.39081891877314
0.0
44.28865358917873
44.86849023214419
45.094950299615604
45.12527285007028
44.95113198050961
44.402700873255654
41.82257960336762
42.57220312696465
42.43176884617603
0.0
45.16644706390522
45.72454420135498
45.931001549767956
45.95619711327599
45.78064442573702
45.23181814254156
41.39081891877314
42.43176884617603
43.88664020634777
0.0
45.91388532465082
46.34105657500142
46.524695734289054
46.544935170208824
46.36863628024154
45.81953848424748
0.0
0.0
0.0
45.95341748128486
46.49815245617923
46.833820632578664
46.99993365804742
47.01801321721915
46.842211323224454
46.29383158595489
44.28865358917873
45.16644706390522
45.91388532465082
46.49815245617923
46.932513093384294
47.21630130877146
47.37541851683187
47.39473546961675
47.22158463381549
46.674846503603206
44.86849023214419
45.72454420135498
46.34105657500142
46.833820632578664
47.21630130877146
47.4910584062828
47.651351226266236
47.67596080750187
47.50793074895349
46.96482720108828
45.094950299615604
45.931001549767956
46.524695734289054
46.99993365804742
47.37541851683187
47.651351226266236
47.81891446500998
47.85312473337271
47.6949757528205
47.15855464232552
45.12527285007028
45.95619711327599
46.544935170208824
47.01801321721915
47.39473546961675
47.67596080750187
47.85312473337271
47.90461971140119
47.765030088543845
47.244886832679455
44.95113198050961
45.78064442573702
46.36863628024154
46.84221132322445
47.22158463381549
47.50793074895349
47.6949757528205
47.765030088543845
47.683151985222864
47.201319344322606
44.402700873255654
45.23181814254156
45.81953848424748
46.29383158595489
46.674846503603206
46.96482720108828
47.15855464232552
47.244886832679455
47.201319344322606
47.17903927601286
42.54055631807471
42.02616422820849
41.60724955867863
0.0
44.483018913505404
45.059817904094146
45.28050140142741
45.30582432895431
45.12668343227781
44.57593137561026
42.02616422820849
42.77345232417318
42.62950414812122
0.0
45.34493046892364
45.898915333541936
46.10023896821686
46.119261238421146
45.93964188790787
45.38758377066674
41.60724955867863
42.62950414812122
44.06026416657689
0.0
46.074579189456145
46.49706824177414
46.673727499040105
46.68824457709307
46.50690934633311
45.95541993368215
0.0
0.0
0.0
46.10834709998942
46.64491920400709
46.97242614940246
47.13098817400302
47.14203411032838
46.96175980835992
46.41020398274083
44.483018913505404
45.34493046892364
46.074579189456145
46.64491920400709
47.06734004293704
47.34071662153481
47.49035196650561
47.50277137008352
47.32423834799044
46.77483501857233
45.059817904094146
45.898915333541936
46.49706824177414
46.97242614940246
47.34071662153481
47.602839745733775
47.75334398941917
47.76986818728858
47.59663059790362
47.05008742396275
45.28050140142741
46.10023896821686
46.673727499040105
47.13098817400302
47.49035196650561
47.75334398941917
47.90971389975816
47.935584680750786
47.771028092701165
47.2311642966547
45.30582432895431
46.119261238421146
46.68824457709307
47.14203411032838
47.50277137008352
47.76986818728858
47.935584680750786
47.97688332968048
47.82987718005166
47.30466886627639
45.12668343227781
45.93964188790787
46.50690934633311
46.96175980835992
47.32423834799044
47.59663059790362
47.771028092701165
47.82987718005166
47.735150269012486
47.24545538157901
44.57593137561026
45.38758377066674
45.95541993368215
46.41020398274083
46.77483501857233
47.05008742396275
47.2311642966547
47.30466886627639
47.24545538157901
47.17903927601286
42.68670900822749
42.2199107362638
41.813742242131724
0.0
44.668387159826395
45.24124890021323
45.45796496774433
45.477597238749695
45.29497959899181
44.741020271023146
42.2199107362638
42.9652692486438
42.8174504964645
0.0
45.514938092979364
46.066374992482615
46.26199963549747
46.27641040341045
46.0920514961849
45.53792941334226
41.813742242131724
42.8174504964645
44.22676131971132
0.0
46.22945648343917
46.64676523488817
46.818021488748606
46.82634979704597
46.64117341452638
46.086622524557264
0.0
0.0
0.0
46.25781972942129
46.78603300683831
47.10697281226767
47.257736949830665
47.262984915678835
47.0777863639619
46.523914069873996
44.668387159826395
45.514938092979364
46.22945648343917
46.78603300683831
47.19832153402466
47.46124034420763
47.60273456209738
47.60799730812438
47.4249850401943
46.872472985545585
45.24124890021323
46.066374992482615
46.64676523488817
47.10697281226767
47.46124034420763
47.71223804029347
47.852886445716216
47.862324092616596
47.683620669555694
47.134287274064114
45.45796496774433
46.26199963549747
46.818021488748606
47.257736949830665
47.60273456209738
47.852886445716216
47.999225871370996
48.01668541055489
47.846472319777696
47.302913590624804
45.477597238749695
46.27641040341045
46.82634979704597
47.262984915678835
47.60799730812438
47.862324092616596
48.01668541055489
48.04873308863229
47.89427744057542
47.364559778949676
45.29497959899181
46.0920514961849
46.64117341452638
47.0777863639619
47.4249850401943
47.683620669555694
47.846472319777696
47.89427744057542
47.78759034213402
47.29001131932823
44.741020271023146
45.53792941334226
46.086622524557264
46.523914069873996
46.872472985545585
47.134287274064114
47.302913590624804
47.364559778949676
47.29001131932823
47.17903927601286
42.814448920036206
42.40590685730439
42.00986254537658
0.0
44.84461312780615
45.41458476668621
45.62713879136509
45.64216309116525
45.455841395703466
44.8993905642519
42.40590685730439
43.14756103396957
42.99756479507435
0.0
45.67801469771745
46.22661530039039
46.417636836213056
46.42732597482324
46.23904444077358
45.682583057066026
42.00986254537658
42.99756479507435
44.385744007826666
0.0
46.37815530438129
46.79132065859055
46.95718612982773
46.96021655442944
46.7710810679778
46.214001927557995
0.0
0.0
0.0
46.401486350607875
46.922563453368205
47.23707772658794
47.38101346429756
47.38050960787515
47.190983309514806
46.634651224506456
44.84461312780615
45.67801469771745
46.37815530438129
46.922563453368205
47.32507049558231
47.57864366996409
47.712204306414854
47.71100569092747
47.523512411625504
46.96826628057556
45.41458476668621
46.22661530039039
46.79132065859055
47.23707772658794
47.57864366996409
47.818900143656556
47.95051842627243
47.9530240275483
47.76931861836351
47.217159347168405
45.62713879136509
46.417636836213056
46.95718612982773
47.38101346429756
47.712204306414854
47.95051842627243
48.08714078427287
48.09679748120719
47.92104237909096
47.374093874141856
45.64216309116525
46.42732597482324
46.96021655442944
47.38050960787515
47.71100569092747
47.9530240275483
48.09679748120719
48.11990810932696
47.958471852885765
47.42433382229205
45.455841395703466
46.23904444077358
46.7710810679778
47.190983309514806
47.523512411625504
47.76931861836351
47.92104237909096
47.958471852885765
47.84026095125941
47.33513117882294
44.8993905642519
45.682583057066026
46.214001927557995
46.634651224506456
46.96826628057556
47.217159347168405
47.374093874141856
47.42433382229205
47.33513117882294
47.17903927601286
42.927057772304664
42.58370135721522
42.19664528650517
0.0
45.012525729527795
45.58045800245053
45.78874070158359
45.80008453158229
45.609861818884696
45.05160011023886
42.58370135721522
43.321886075878936
43.1699597797309
0.0
45.834644023421994
46.38021617926164
46.56754835234379
46.57244774335984
46.38099639328392
45.82190996518719
42.19664528650517
43.1699597797309
44.53840407460253
0.0
46.52117892371799
46.93104154380951
47.091548828545186
47.09010725540627
46.89687141842744
46.33782189409828
0.0
0.0
0.0
46.53987394409283
47.05478435565427
47.36300901207032
47.501014917909245
47.494771130417384
47.30153287818037
46.74253220677887
45.012525729527795
45.834644023421994
46.52117892371799
47.05478435565427
47.447841769251404
47.693103288383035
47.81888735379546
47.811937680525
47.61988908385363
47.06235240353515
45.58045800245053
46.38021617926164
46.93104154380951
47.36300901207032
47.693103288383035
47.92293843129341
48.04635737142764
48.042006009639806
47.85382140864971
47.29870998826553
45.78874070158359
46.56754835234379
47.091548828545186
47.501014917909245
47.81888735379546
48.04635737142764
48.17348673120886
48.1759965605195
47.99472151691783
47.4447669676927
45.80008453158229
46.57244774335984
47.09010725540627
47.494771130417384
47.811937680525
48.042006009639806
48.1759965605195
48.19037984279609
48.022497829622075
47.483939935146275
45.609861818884696
46.38099639328392
46.896871418427445
47.30153287818037
47.61988908385363
47.85382140864971
47.99472151691783
48.022497829622075
47.8931001546059
47.380818235632105
45.05160011023886
45.82190996518719
46.33782189409828
46.74253220677887
47.06235240353516
47.29870998826553
47.4447669676927
47.483939935146275
47.380818235632105
47.17903927601286
43.038222817297395
42.75113938189337
42.37523119894311
0.0
45.17338840207481
45.73889985939818
45.94391486140798
45.951347214741325
45.75806902708365
45.1976319833674
42.75113938189337
43.489056408033356
43.33451382248017
0.0
45.98474945683225
46.52816792111648
46.7116124333418
46.71264255326631
46.5177725821743
45.95670441976617
42.37523119894311
43.33451382248017
44.685543365536155
0.0
46.65938006621881
47.06575700798738
47.22184751033673
47.21582473635263
47.0191859482899
46.457895559823285
0.0
0.0
0.0
46.673762476606505
47.182508446612175
47.485419243751075
47.61751842847108
47.60630364804219
47.40921898472857
46.84803415492384
45.17338840207481
45.98474945683225
46.65938006621881
47.182508446612175
47.56726628841576
47.80439433480831
47.923263742849095
47.91057143019019
47.714512774606916
47.15452490854203
45.73889985939818
46.52816792111648
47.06575700798738
47.485419243751075
47.80439433480831
48.02480897084671
48.14017736043157
48.129613550064136
47.9369188470605
47.379230388205364
45.94391486140798
46.7116124333418
47.22184751033673
47.61751842847108
47.923263742849095
48.14017736043157
48.25859182445428
48.25407111933216
48.06775428303334
47.514736583344174
45.951347214741325
46.71264255326631
47.21582473635263
47.60630364804219
47.91057143019019
48.129613550064136
48.25407111933216
48.260370051706445
48.086160758367065
47.54354070252354
45.75806902708365
46.5177725821743
47.0191859482899
47.40921898472857
47.714512774606916
47.9369188470605
48.06775428303334
48.086160758367065
47.94623996234568
47.4269174140101
45.1976319833674
45.95670441976617
46.457895559823285
46.84803415492384
47.15452490854203
47.379230388205364
47.514736583344174
47.54354070252354
47.4269174140101
47.17903927601286
43.14490672471109
42.90975632930939
42.54570591514487
0.0
45.32750264762807
45.89073909630944
46.09290041082702
46.096664281654036
45.90068353925211
45.338121020736786
42.90975632930939
43.64808553683933
43.49232172963458
0.0
46.129031401682674
46.67061208258642
46.85043818704596
46.848018301482085
46.64988487223534
46.08708096048317
42.54570591514487
43.49232172963458
44.82700339670458
0.0
46.79282940540199
47.19598315484453
47.34812180005018
47.33777215021599
47.13805779573195
46.57456764984579
0.0
0.0
0.0
46.8031687985545
47.306198053819884
47.60431687044031
47.73086241741803
47.71509509296172
47.514306152825135
46.95115415847663
45.32750264762807
46.129031401682674
46.79282940540199
47.306198053819884
47.68335097754122
47.912824976238966
48.02530683907453
48.00712284660262
47.807357109010916
47.24495647374182
45.89073909630944
46.67061208258642
47.19598315484453
47.60431687044031
47.912824976238966
48.12447660853778
48.232170050366165
48.215802284500484
48.01874303508795
47.4586811450599
46.09290041082702
46.85043818704596
47.34812180005018
47.73086241741803
48.02530683907453
48.232170050366165
48.34240826964934
48.33113068356423
48.14008832491982
47.58407443854398
46.096664281654036
46.848018301482085
47.33777215021599
47.71509509296172
48.00712284660262
48.215802284500484
48.33113068356423
48.3298179196429
48.149509315745576
47.60307250369709
45.90068353925211
46.64988487223534
47.13805779573195
47.514306152825135
47.807357109010916
48.01874303508795
48.14008832491982
48.149509315745576
47.9996143172036
47.473443552785966
45.338121020736786
46.08708096048317
46.57456764984579
46.95115415847663
47.24495647374182
47.4586811450599
47.58407443854398
47.60307250369709
47.473443552785966
47.17903927601286
43.19846394227058
43.06250782795167
42.708132838710284
0.0
45.47510811877431
46.036725208472745
46.23588513057755
46.23670399004764
46.03784820949178
45.47369341118604
43.06250782795167
43.79932406651579
43.644037269104636
0.0
46.268141807127975
46.8076689137751
46.98459884659076
46.97863663471649
46.77784699840485
46.213081252003924
42.708132838710284
43.644037269104636
44.96316680385715
0.0
46.92160992045264
47.3222055800709
47.47037289791676
47.456359331753134
47.2534586088413
46.68821499739916
0.0
0.0
0.0
46.92818648629595
47.42629918130518
47.71967986717296
47.84139774783679
47.8210829390519
47.617095835460226
47.0518212143595
45.47510811877431
46.268141807127975
46.92160992045264
47.42629918130518
47.79607068235889
48.018718213857895
48.12493955035123
48.10184506493734
47.89833163566867
47.33387171066084
46.036725208472745
46.8076689137751
47.3222055800709
47.71967986717296
48.018718213857895
48.221860294679495
48.32256548849692
48.30047144164388
48.099477504922845
47.53695811576117
46.23588513057755
46.98459884659076
47.47037289791676
47.84139774783679
48.12493955035123
48.32256548849692
48.42483114201453
48.40733502087447
48.211610786204844
47.6529085687269
46.23670399004764
46.97863663471649
47.456359331753134
47.8210829390519
48.10184506493734
48.30047144164388
48.40733502087447
48.398606082489465
48.212644803638135
47.66241666382566
46.03784820949178
46.77784699840485
47.2534586088413
47.617095835460226
47.89833163566867
48.099477504922845
48.211610786204844
48.212644803638135
48.0531025337977
47.52044595831741
45.47369341118604
46.213081252003924
46.68821499739916
47.0518212143595
47.33387171066084
47.53695811576117
47.6529085687269
47.66241666382566
47.52044595831741
47.17903927601286
43.19846394227058
43.208668932654604
42.86340154696965
0.0
45.61694588932944
46.17700038496159
46.37354438531676
46.37157336856559
46.17016083473359
45.60445264782733
43.208668932654604
43.944581783040476
43.78936712333325
0.0
46.40216160308062
46.93993788646812
47.11413484376751
47.105012247680214
46.90168465694948
46.335166766640164
42.86340154696965
43.78936712333325
45.09473210005573
0.0
47.046243452939976
47.44441383258432
47.58903250562255
47.57154987922964
47.36575237951466
46.79880374061371
0.0
0.0
0.0
47.04932288608904
47.54278671573073
47.83189336519651
47.94906269850553
47.92456965047674
47.71752203186796
47.15029651678224
45.61694588932944
46.40216160308062
47.046243452939976
47.54278671573073
47.90579288674443
48.122003806584594
48.22242742314914
48.19465552202406
47.987646118497864
47.42119342959536
46.17700038496159
46.93993788646812
47.44441383258432
47.83189336519651
48.12200380658459
48.317215456309796
48.41127484192924
48.383801806247966
48.179034333511225
47.61420672222892
46.37354438531676
47.11413484376751
47.58903250562255
47.94906269850553
48.22242742314914
48.41127484192924
48.5060290528344
48.482589191464875
48.2824367615759
47.72114691848578
46.37157336856559
47.105012247680214
47.57154987922964
47.92456965047674
48.19465552202406
48.383801806247966
48.482589191464875
48.4668377777084
48.27546850482304
47.72163863048795
46.17016083473359
46.90168465694948
47.36575237951466
47.71752203186796
47.987646118497864
48.179034333511225
48.2824367615759
48.27546850482304
48.10674864874113
47.56782992763943
45.60445264782733
46.335166766640164
46.79880374061371
47.15029651678224
47.42119342959536
47.61420672222892
47.72114691848578
47.72163863048795
47.56782992763943
47.17903927601286
43.19846394227058
43.34118369918224
43.01207112286827
0.0
45.75348237771525
46.31189338398232
46.50629276472435
46.501545964586235
46.29799799424938
45.730638269669264
43.34118369918224
44.084309273709614
43.928672789170314
0.0
46.531352863949266
47.067768886588475
47.2392627362912
47.22744816615859
47.02156832182412
46.453620684431066
43.01207112286827
43.928672789170314
45.22180439743776
0.0
47.167004790853596
47.562774056641224
47.70433742301925
47.683453814548336
47.47514397703516
46.90641897629095
0.0
0.0
0.0
47.166814305572366
47.65579949125722
47.941161318443314
48.05393392655379
48.02571376879287
47.81562776150869
47.246723928204865
45.75348237771525
46.531352863949266
47.167004790853596
47.65579949125722
48.012708380751796
48.22274465423658
48.31790309716756
48.28557429262596
48.07540756135705
47.50692517316749
46.31189338398232
47.067768886588475
47.562774056641224
47.941161318443314
48.22274465423658
48.41066846516727
48.498307408993355
48.465880198407426
48.25739885158828
47.69049942582722
46.50629276472435
47.2392627362912
47.70433742301925
48.05393392655379
48.31790309716756
48.498307408993355
48.58608003686592
48.55686824234528
48.3526164892782
47.788750398372116
46.501545964586235
47.22744816615859
47.683453814548336
48.02571376879287
48.28557429262596
48.465880198407426
48.55686824234528
48.53455487101062
48.33793062814384
47.78075878473242
46.29799799424938
47.02156832182412
47.47514397703516
47.81562776150869
48.07540756135705
48.25739885158828
48.3526164892782
48.33793062814384
48.16055923933866
47.61553751305738
45.730638269669264
46.453620684431066
46.90641897629095
47.246723928204865
47.50692517316749
47.69049942582722
47.788750398372116
47.78075878473242
47.61553751305738
47.17903927601286
