0.0
0.0
0.0
0.0
0.0
0.0
0.0
0.0
0.0
0.0
0.0
0.0
0.0
0.0
0.0
0.0
0.0
0.0
0.0
0.0
0.0
0.0
0.0
0.0
0.0
0.0
0.0
0.0
0.0
0.0
0.0
0.0
0.0
0.0
0.0
0.0
0.0
0.0
0.0
0.0
0.0
0.0
0.0
0.0
0.0
0.0
0.0
0.0
0.0
0.0
0.0
0.0
0.0
0.0
0.0
0.0
0.0
0.0
0.0
0.0
0.0
0.0
0.0
0.0
0.0
0.0
0.0
0.0
0.0
0.0
0.0
0.0
0.0
0.0
0.0
0.0
0.0
0.0
0.0
0.0
0.0
0.0
0.0
0.0
0.0
0.0
0.0
0.0
0.0
0.0
0.0
0.0
0.0
0.0
0.0
0.0
0.0
0.0
0.0
0.0
0.0
0.0
0.0
0.0
0.0
0.0
0.0
0.0
0.0
0.0
0.0
0.0
0.0
0.0
0.0
0.0
0.0
0.0
0.0
0.0
0.0
67.79443763358478
1.791759469228055
1.791759469228055
1.791759469228055
1.3862943611198906
0.0
1.3862943611198906
1.791759469228055
1.791759469228055
1.791759469228055
67.79443763358478
1.791759469228055
2.1972245773362196
2.1972245773362196
2.1972245773362196
1.9459101490553132
0.0
1.9459101490553132
2.1972245773362196
2.1972245773362196
2.1972245773362196
1.791759469228055
1.791759469228055
2.1972245773362196
2.1972245773362196
2.1972245773362196
1.9459101490553132
1.9459101490553132
1.9459101490553132
2.1972245773362196
2.1972245773362196
2.1972245773362196
1.791759469228055
1.791759469228055
2.1972245773362196
2.1972245773362196
2.1972245773362196
1.9459101490553132
0.0
1.9459101490553132
2.1972245773362196
2.1972245773362196
2.1972245773362196
1.791759469228055
1.3862943611198906
1.9459101490553132
1.9459101490553132
1.9459101490553132
1.3862943611198906
0.0
1.3862943611198906
1.9459101490553132
1.9459101490553132
1.9459101490553132
1.3862943611198906
0.0
0.0
1.9459101490553132
0.0
0.0
0.0
0.0
0.0
1.9459101490553132
0.0
0.0
1.3862943611198906
1.9459101490553132
1.9459101490553132
1.9459101490553132
1.3862943611198906
0.0
1.3862943611198906
1.9459101490553132
1.9459101490553132
1.9459101490553132
1.3862943611198906
1.791759469228055
2.1972245773362196
2.1972245773362196
2.1972245773362196
1.9459101490553132
0.0
1.9459101490553132
2.1972245773362196
2.1972245773362196
2.1972245773362196
1.791759469228055
1.791759469228055
2.1972245773362196
2.1972245773362196
2.1972245773362196
1.9459101490553132
1.9459101490553132
1.9459101490553132
2.1972245773362196
2.1972245773362196
2.1972245773362196
1.791759469228055
1.791759469228055
2.1972245773362196
2.1972245773362196
2.1972245773362196
1.9459101490553132
0.0
1.9459101490553132
2.1972245773362196
2.1972245773362196
2.1972245773362196
1.791759469228055
67.79443763358478
1.791759469228055
1.791759469228055
1.791759469228055
1.3862943611198906
0.0
1.3862943611198906
1.791759469228055
1.791759469228055
1.791759469228055
67.79443763358478
68.57854265892047
2.3881618587906757
2.3881618587906757
2.3881618587906757
1.9380120147417799
0.0
1.9380120147417799
2.3881618587906757
2.3881618587906757
2.3881618587906757
68.57854265892047
2.3881618587906757
2.821641141991172
2.821641141991172
2.821641141991172
2.5545184544898536
0.0
2.5545184544898536
2.821641141991172
2.821641141991172
2.821641141991172
2.3881618587906757
2.3881618587906757
2.821641141991172
2.821641141991172
2.821641141991172
2.5545184544898536
2.5545184544898536
2.5545184544898536
2.821641141991172
2.821641141991172
2.821641141991172
2.3881618587906757
2.3881618587906757
2.821641141991172
2.821641141991172
2.821641141991172
2.5545184544898536
0.0
2.5545184544898536
2.821641141991172
2.821641141991172
2.821641141991172
2.3881618587906757
1.9380120147417799
2.5545184544898536
2.5545184544898536
2.5545184544898536
1.9380120147417799
0.0
1.9380120147417799
2.5545184544898536
2.5545184544898536
2.5545184544898536
1.9380120147417799
0.0
0.0
2.5545184544898536
0.0
0.0
0.0
0.0
0.0
2.5545184544898536
0.0
0.0
1.9380120147417799
2.5545184544898536
2.5545184544898536
2.5545184544898536
1.9380120147417799
0.0
1.9380120147417799
2.5545184544898536
2.5545184544898536
2.5545184544898536
1.9380120147417799
2.3881618587906757
2.821641141991172
2.821641141991172
2.821641141991172
2.5545184544898536
0.0
2.5545184544898536
2.821641141991172
2.821641141991172
2.821641141991172
2.3881618587906757
2.3881618587906757
2.821641141991172
2.821641141991172
2.821641141991172
2.5545184544898536
2.5545184544898536
2.5545184544898536
2.821641141991172
2.821641141991172
2.821641141991172
2.3881618587906757
2.3881618587906757
2.821641141991172
2.821641141991172
2.821641141991172
2.5545184544898536
0.0
2.5545184544898536
2.821641141991172
2.821641141991172
2.821641141991172
2.3881618587906757
68.57854265892047
2.3881618587906757
2.3881618587906757
2.3881618587906757
1.9380120147417799
0.0
1.9380120147417799
2.3881618587906757
2.3881618587906757
2.3881618587906757
68.57854265892047
69.3702116996448
67.01852715461943
3.5033835808838436
3.4429523660314936
3.0238428391882968
0.0
3.0238428391882968
3.4429523660314936
3.5033835808838436
67.01852715461943
69.3702116996448
67.01852715461943
3.9066604544228065
3.9635436239578703
3.926009561879465
3.559768676492807
0.0
3.559768676492807
3.926009561879465
3.9635436239578703
3.9066604544228065
67.01852715461943
3.5033835808838436
3.9635436239578703
4.0173645097744135
3.981832534297858
3.7828327879074264
3.4101845344607735
3.7828327879074264
3.981832534297858
4.0173645097744135
3.9635436239578703
3.5033835808838436
3.4429523660314936
3.926009561879465
3.981832534297858
3.944991376915836
3.559768676492807
0.0
3.559768676492807
3.944991376915836
3.981832534297858
3.926009561879465
3.4429523660314936
3.0238428391882968
3.559768676492807
3.7828327879074264
3.559768676492807
3.069997049967553
0.0
3.069997049967553
3.559768676492807
3.7828327879074264
3.559768676492807
3.0238428391882968
0.0
0.0
3.4101845344607735
0.0
0.0
0.0
0.0
0.0
3.4101845344607735
0.0
0.0
3.0238428391882968
3.559768676492807
3.7828327879074264
3.559768676492807
3.069997049967553
0.0
3.069997049967553
3.559768676492807
3.7828327879074264
3.559768676492807
3.0238428391882968
3.4429523660314936
3.926009561879465
3.981832534297858
3.944991376915836
3.559768676492807
0.0
3.559768676492807
3.944991376915836
3.981832534297858
3.926009561879465
3.4429523660314936
3.5033835808838436
3.9635436239578703
4.0173645097744135
3.981832534297858
3.7828327879074264
3.4101845344607735
3.7828327879074264
3.981832534297858
4.0173645097744135
3.9635436239578703
3.5033835808838436
67.01852715461943
3.9066604544228065
3.9635436239578703
3.926009561879465
3.559768676492807
0.0
3.559768676492807
3.926009561879465
3.9635436239578703
3.9066604544228065
67.01852715461943
69.3702116996448
67.01852715461943
3.5033835808838436
3.4429523660314936
3.0238428391882968
0.0
3.0238428391882968
3.4429523660314936
3.5033835808838436
67.01852715461943
69.3702116996448
70.07685730360964
67.9878940050724
4.469375658940464
4.37795544873608
3.950068000275936
0.0
3.950068000275936
4.37795544873608
4.469375658940464
67.9878940050724
70.07685730360964
67.9878940050724
67.01852715461943
4.939071421053861
4.8683864059280415
4.5128106658117595
0.0
4.5128106658117595
4.8683864059280415
4.939071421053861
67.01852715461943
67.9878940050724
4.469375658940464
4.939071421053861
5.03651113137119
4.972674041706012
4.7351167532624885
4.404247918490736
4.7351167532624885
4.972674041706012
5.03651113137119
4.939071421053861
4.469375658940464
4.37795544873608
4.8683864059280415
4.972674041706012
4.897179198256537
4.523410956315538
0.0
4.523410956315538
4.897179198256537
4.972674041706012
4.8683864059280415
4.37795544873608
3.950068000275936
4.5128106658117595
4.7351167532624885
4.523410956315538
4.003255930398937
0.0
4.003255930398937
4.523410956315538
4.7351167532624885
4.5128106658117595
3.950068000275936
0.0
0.0
4.404247918490736
0.0
0.0
0.0
0.0
0.0
4.404247918490736
0.0
0.0
3.950068000275936
4.5128106658117595
4.7351167532624885
4.523410956315538
4.003255930398937
0.0
4.003255930398937
4.523410956315538
4.7351167532624885
4.5128106658117595
3.950068000275936
4.37795544873608
4.8683864059280415
4.972674041706012
4.897179198256537
4.523410956315538
0.0
4.523410956315538
4.897179198256537
4.972674041706012
4.8683864059280415
4.37795544873608
4.469375658940464
4.939071421053861
5.03651113137119
4.972674041706012
4.7351167532624885
4.404247918490736
4.7351167532624885
4.972674041706012
5.03651113137119
4.939071421053861
4.469375658940464
67.9878940050724
67.01852715461943
4.939071421053861
4.8683864059280415
4.5128106658117595
0.0
4.5128106658117595
4.8683864059280415
4.939071421053861
67.01852715461943
67.9878940050724
70.07685730360964
67.9878940050724
4.469375658940464
4.37795544873608
3.950068000275936
0.0
3.950068000275936
4.37795544873608
4.469375658940464
67.9878940050724
70.07685730360964
70.76167428752224
68.8052718119528
66.25002146131446
5.327550779224285
4.870686018787745
0.0
4.870686018787745
5.327550779224285
66.25002146131446
68.8052718119528
70.76167428752224
68.8052718119528
68.28932247648154
5.910492057777282
5.818657637813879
5.4709556625302485
0.0
5.4709556625302485
5.818657637813879
5.910492057777282
68.28932247648154
68.8052718119528
66.25002146131446
5.910492057777282
6.030586393395973
5.9642660607547855
5.669582481714639
5.3615461229425065
5.669582481714639
5.9642660607547855
6.030586393395973
5.910492057777282
66.25002146131446
5.327550779224285
5.818657637813879
5.9642660607547855
5.84827865296113
5.490460513416521
0.0
5.490460513416521
5.84827865296113
5.9642660607547855
5.818657637813879
5.327550779224285
4.870686018787745
5.4709556625302485
5.669582481714639
5.490460513416521
4.918628451000434
0.0
4.918628451000434
5.490460513416521
5.669582481714639
5.4709556625302485
4.870686018787745
0.0
0.0
5.3615461229425065
0.0
0.0
0.0
0.0
0.0
5.3615461229425065
0.0
0.0
4.870686018787745
5.4709556625302485
5.669582481714639
5.490460513416521
4.918628451000434
0.0
4.918628451000434
5.490460513416521
5.669582481714639
5.4709556625302485
4.870686018787745
5.327550779224285
5.818657637813879
5.9642660607547855
5.848278652961129
5.490460513416521
0.0
5.490460513416521
5.84827865296113
5.9642660607547855
5.818657637813879
5.327550779224285
66.25002146131446
5.910492057777282
6.030586393395973
5.9642660607547855
5.669582481714639
5.3615461229425065
5.669582481714639
5.9642660607547855
6.030586393395973
5.910492057777282
66.25002146131446
68.8052718119528
68.28932247648154
5.910492057777282
5.818657637813879
5.4709556625302485
0.0
5.4709556625302485
5.818657637813879
5.910492057777282
68.28932247648154
68.8052718119528
70.76167428752224
68.8052718119528
66.25002146131446
5.327550779224285
4.870686018787745
0.0
4.870686018787745
5.327550779224285
66.25002146131446
68.8052718119528
70.76167428752224
71.42368079141289
69.60045022728167
67.37469695471538
6.286210551160302
5.818239798975529
0.0
5.818239798975529
6.286210551160302
67.37469695471538
69.60045022728167
71.42368079141289
69.60045022728167
69.19478797991358
66.94316864187441
6.801227331416763
6.427292810945354
0.0
6.427292810945354
6.801227331416763
66.94316864187441
69.19478797991358
69.60045022728167
67.37469695471538
66.94316864187441
7.027545386498166
6.9499731538010305
6.63761400603694
6.31870670255649
6.63761400603694
6.949973153801031
7.027545386498166
66.94316864187441
67.37469695471538
6.286210551160302
6.801227331416763
6.9499731538010305
6.842452767241601
6.450269338324621
0.0
6.450269338324621
6.842452767241601
6.9499731538010305
6.801227331416763
6.286210551160302
5.818239798975529
6.427292810945354
6.63761400603694
6.450269338324621
5.875136098723944
0.0
5.875136098723944
6.450269338324621
6.63761400603694
6.427292810945354
5.818239798975529
0.0
0.0
6.31870670255649
0.0
0.0
0.0
0.0
0.0
6.31870670255649
0.0
0.0
5.818239798975529
6.427292810945354
6.63761400603694
6.450269338324621
5.875136098723944
0.0
5.875136098723944
6.450269338324621
6.63761400603694
6.427292810945354
5.818239798975529
6.286210551160302
6.801227331416763
6.949973153801031
6.8424527672416
6.450269338324621
0.0
6.450269338324621
6.842452767241601
6.949973153801031
6.801227331416763
6.286210551160302
67.37469695471538
66.94316864187441
7.027545386498166
6.9499731538010305
6.63761400603694
6.31870670255649
6.63761400603694
6.949973153801031
7.027545386498166
66.94316864187441
67.37469695471538
69.60045022728167
69.19478797991358
66.94316864187441
6.801227331416763
6.427292810945354
0.0
6.427292810945354
6.801227331416763
66.94316864187441
69.19478797991358
69.60045022728167
71.42368079141289
69.60045022728167
67.37469695471538
6.286210551160302
5.818239798975529
0.0
5.818239798975529
6.286210551160302
67.37469695471538
69.60045022728167
71.42368079141289
72.06079676870601
70.3474065070697
68.36471456365042
65.48955596899799
6.7587638226149
0.0
6.7587638226149
65.48955596899799
68.36471456365042
70.3474065070697
72.06079676870601
70.3474065070697
69.96366160323717
68.26859645297021
7.76767255652336
7.36996606824388
0.0
7.36996606824388
7.76767255652336
68.26859645297021
69.96366160323717
70.3474065070697
68.36471456365042
68.26859645297021
66.25002146131446
7.91155383965771
7.595290457422829
7.257851858712852
7.595290457422829
7.91155383965771
66.25002146131446
68.26859645297021
68.36471456365042
65.48955596899799
7.76767255652336
7.91155383965771
7.817362152395295
7.395243882653043
0.0
7.395243882653043
7.817362152395295
7.91155383965771
7.76767255652336
65.48955596899799
6.7587638226149
7.36996606824388
7.595290457422829
7.395243882653043
6.826662698342787
0.0
6.826662698342787
7.395243882653043
7.595290457422829
7.36996606824388
6.7587638226149
0.0
0.0
7.257851858712852
0.0
0.0
0.0
0.0
0.0
7.257851858712852
0.0
0.0
6.7587638226149
7.36996606824388
7.595290457422829
7.395243882653043
6.826662698342787
0.0
6.826662698342787
7.395243882653043
7.595290457422829
7.36996606824388
6.7587638226149
65.48955596899799
7.76767255652336
7.91155383965771
7.817362152395295
7.395243882653043
0.0
7.395243882653043
7.817362152395295
7.91155383965771
7.76767255652336
65.48955596899799
68.36471456365042
68.26859645297021
66.25002146131446
7.91155383965771
7.595290457422829
7.257851858712852
7.595290457422829
7.91155383965771
66.25002146131446
68.26859645297021
68.36471456365042
70.3474065070697
69.96366160323717
68.26859645297021
7.76767255652336
7.36996606824388
0.0
7.36996606824388
7.76767255652336
68.26859645297021
69.96366160323717
70.3474065070697
72.06079676870601
70.3474065070697
68.36471456365042
65.48955596899799
6.7587638226149
0.0
6.7587638226149
65.48955596899799
68.36471456365042
70.3474065070697
72.06079676870601
72.67822434460378
71.04785686018712
69.30076994569193
66.7464668523726
7.699457937886824
0.0
7.699457937886824
66.7464668523726
69.30076994569193
71.04785686018712
72.67822434460378
71.04785686018712
70.72432370213326
69.21311832089101
66.58355261893347
8.321216361347343
0.0
8.321216361347343
66.58355261893347
69.21311832089101
70.72432370213326
71.04785686018712
69.30076994569193
69.21311832089101
68.01548169855187
8.877612668576083
8.547740141555215
8.204470365169627
8.547740141555215
8.877612668576083
68.01548169855187
69.21311832089101
69.30076994569193
66.7464668523726
66.58355261893347
8.877612668576083
8.779433170965996
8.351156369724144
0.0
8.351156369724144
8.779433170965996
8.877612668576083
66.58355261893347
66.7464668523726
7.699457937886824
8.321216361347343
8.547740141555215
8.351156369724144
7.772704228156097
0.0
7.772704228156097
8.351156369724144
8.547740141555215
8.321216361347343
7.699457937886824
0.0
0.0
8.204470365169627
0.0
0.0
0.0
0.0
0.0
8.204470365169627
0.0
0.0
7.699457937886824
8.321216361347343
8.547740141555215
8.351156369724144
7.772704228156097
0.0
7.772704228156097
8.351156369724144
8.547740141555215
8.321216361347343
7.699457937886824
66.7464668523726
66.58355261893347
8.877612668576083
8.779433170965996
8.351156369724144
0.0
8.351156369724144
8.779433170965996
8.877612668576083
66.58355261893347
66.7464668523726
69.30076994569193
69.21311832089101
68.01548169855187
8.877612668576083
8.547740141555215
8.204470365169627
8.547740141555215
8.877612668576083
68.01548169855187
69.21311832089101
69.30076994569193
71.04785686018712
70.72432370213326
69.21311832089101
66.58355261893347
8.321216361347343
0.0
8.321216361347343
66.58355261893347
69.21311832089101
70.72432370213326
71.04785686018712
72.67822434460378
71.04785686018712
69.30076994569193
66.7464668523726
7.699457937886824
0.0
7.699457937886824
66.7464668523726
69.30076994569193
71.04785686018712
72.67822434460378
73.2803911662649
71.71960246672472
70.1390176145699
67.95209380778537
64.7363391607002
0.0
64.7363391607002
67.95209380778537
70.1390176145699
71.71960246672472
73.2803911662649
71.71960246672472
71.45002520963334
70.06401755699525
67.9975144437664
9.27005361075737
0.0
9.270053610757373
67.9975144437664
70.06401755699525
71.45002520963334
71.71960246672472
70.1390176145699
70.06401755699525
69.15150553129118
66.58355261893347
9.49365929388899
9.148735593575397
9.49365929388899
66.58355261893347
69.15150553129118
70.06401755699525
70.1390176145699
67.95209380778537
67.9975144437664
66.58355261893347
9.731179881589384
9.304220684864061
0.0
9.304220684864061
9.731179881589384
66.58355261893347
67.9975144437664
67.95209380778537
64.7363391607002
9.27005361075737
9.49365929388899
9.304220684864061
8.715457591837083
0.0
8.715457591837083
9.304220684864061
9.49365929388899
9.27005361075737
64.7363391607002
0.0
0.0
9.148735593575397
0.0
0.0
0.0
0.0
0.0
9.148735593575397
0.0
0.0
64.7363391607002
9.270053610757373
9.49365929388899
9.304220684864061
8.715457591837083
0.0
8.715457591837083
9.304220684864061
9.49365929388899
9.270053610757373
64.7363391607002
67.95209380778537
67.9975144437664
66.58355261893347
9.731179881589384
9.304220684864061
0.0
9.304220684864061
9.731179881589384
66.58355261893347
67.9975144437664
67.95209380778537
70.1390176145699
70.06401755699525
69.15150553129118
66.58355261893347
9.49365929388899
9.148735593575397
9.49365929388899
66.58355261893347
69.15150553129118
70.06401755699525
70.1390176145699
71.71960246672472
71.45002520963334
70.06401755699525
67.9975144437664
9.27005361075737
0.0
9.270053610757373
67.9975144437664
70.06401755699525
71.45002520963334
71.71960246672472
73.2803911662649
71.71960246672472
70.1390176145699
67.95209380778537
64.7363391607002
0.0
64.7363391607002
67.95209380778537
70.1390176145699
71.71960246672472
73.2803911662649
73.86832805002514
72.37141583902364
70.89448687086521
69.0347109822456
66.1091594203155
0.0
66.1091594203155
69.0347109822456
70.89448687086521
72.37141583902364
73.86832805002514
72.37141583902364
72.13991679187176
70.8863391716171
69.05008411351999
66.11098956198211
0.0
66.11098956198211
69.05008411351999
70.8863391716171
72.13991679187176
72.37141583902364
70.89448687086521
70.8863391716171
70.04104992937859
68.25562217655543
10.438911615640244
10.086637696413863
10.438911615640244
68.25562217655543
70.04104992937859
70.8863391716171
70.89448687086521
69.0347109822456
69.05008411351999
68.25562217655543
65.48955596899799
10.248651472136068
0.0
10.248651472136068
65.48955596899799
68.25562217655543
69.05008411351999
69.0347109822456
66.1091594203155
66.11098956198211
10.438911615640244
10.248651472136068
9.65986842237447
0.0
9.65986842237447
10.248651472136068
10.438911615640244
66.11098956198211
66.1091594203155
0.0
0.0
10.086637696413863
0.0
0.0
0.0
0.0
0.0
10.086637696413863
0.0
0.0
66.1091594203155
66.11098956198211
10.438911615640244
10.248651472136068
9.65986842237447
0.0
9.65986842237447
10.248651472136068
10.438911615640244
66.11098956198211
66.1091594203155
69.0347109822456
69.05008411351999
68.25562217655543
65.48955596899799
10.248651472136068
0.0
10.248651472136068
65.48955596899799
68.25562217655543
69.05008411351999
69.0347109822456
70.89448687086521
70.8863391716171
70.04104992937859
68.25562217655543
10.438911615640244
10.086637696413863
10.438911615640244
68.25562217655543
70.04104992937859
70.8863391716171
70.89448687086521
72.37141583902364
72.13991679187176
70.8863391716171
69.05008411351999
66.11098956198211
0.0
66.11098956198211
69.05008411351999
70.8863391716171
72.13991679187176
72.37141583902364
73.86832805002514
72.37141583902364
70.89448687086521
69.0347109822456
66.1091594203155
0.0
66.1091594203155
69.0347109822456
70.89448687086521
72.37141583902364
73.86832805002514
74.44106870705801
73.00467828400421
71.6167868072192
69.96010740250378
67.52440282169182
0.0
67.52440282169182
69.96010740250378
71.6167868072192
73.00467828400421
74.44106870705801
73.00467828400421
72.80553554299192
71.65684469860454
70.01801473604978
67.61425294948523
0.0
67.61425294948523
70.01801473604978
71.65684469860454
72.80553554299192
73.00467828400421
71.6167868072192
71.65684469860454
70.8800201802138
69.38944655064775
66.51254302469627
11.022174862396549
66.51254302469627
69.38944655064775
70.8800201802138
71.65684469860454
71.6167868072192
69.96010740250378
70.01801473604978
69.38944655064775
67.68592320821958
11.18792396828432
0.0
11.18792396828432
67.68592320821958
69.38944655064775
70.01801473604978
69.96010740250378
67.52440282169182
67.61425294948523
66.51254302469627
11.18792396828432
10.601672159235768
0.0
10.601672159235768
11.18792396828432
66.51254302469627
67.61425294948523
67.52440282169182
0.0
0.0
11.022174862396547
0.0
0.0
0.0
0.0
0.0
11.022174862396549
0.0
0.0
67.52440282169182
67.61425294948523
66.51254302469627
11.18792396828432
10.601672159235768
0.0
10.601672159235768
11.18792396828432
66.51254302469627
67.61425294948523
67.52440282169182
69.96010740250378
70.01801473604978
69.38944655064775
67.68592320821958
11.18792396828432
0.0
11.18792396828432
67.68592320821958
69.38944655064775
70.01801473604978
69.96010740250378
71.6167868072192
71.65684469860454
70.8800201802138
69.38944655064775
66.51254302469627
11.022174862396547
66.51254302469627
69.38944655064775
70.8800201802138
71.65684469860454
71.6167868072192
73.00467828400421
72.80553554299192
71.65684469860454
70.01801473604978
67.61425294948523
0.0
67.61425294948523
70.01801473604978
71.65684469860454
72.80553554299192
73.00467828400421
74.44106870705801
73.00467828400421
71.6167868072192
69.96010740250378
67.52440282169182
0.0
67.52440282169182
69.96010740250378
71.6167868072192
73.00467828400421
74.44106870705801
74.99924309916713
73.61961324936541
72.31761478577286
70.78327512589794
68.73967493558776
0.0
68.73967493558776
70.78327512589794
72.31761478577286
73.61961324936541
74.99924309916713
73.61961324936541
73.45431931479924
72.38180952921269
70.92322817485845
68.80357067852938
0.0
68.80357067852938
70.92322817485845
72.38180952921269
73.45431931479924
73.61961324936541
72.31761478577286
72.38180952921269
71.68963956974959
70.32959696393611
68.2037196768477
11.956004772190266
68.2037196768477
70.32959696393611
71.68963956974959
72.38180952921269
72.31761478577286
70.78327512589794
70.92322817485845
70.32959696393611
69.08385457738183
66.11098956198211
0.0
66.11098956198211
69.08385457738183
70.32959696393611
70.92322817485845
70.78327512589794
68.73967493558776
68.80357067852938
68.2037196768477
66.11098956198211
11.536815463822101
0.0
11.536815463822101
66.11098956198211
68.2037196768477
68.80357067852938
68.73967493558776
0.0
0.0
11.956004772190266
0.0
0.0
0.0
0.0
0.0
11.956004772190266
0.0
0.0
68.73967493558776
68.80357067852938
68.2037196768477
66.11098956198211
11.536815463822101
0.0
11.536815463822101
66.11098956198211
68.2037196768477
68.80357067852938
68.73967493558776
70.78327512589794
70.92322817485845
70.32959696393611
69.08385457738183
66.11098956198211
0.0
66.11098956198211
69.08385457738183
70.32959696393611
70.92322817485845
70.78327512589794
72.31761478577286
72.38180952921269
71.68963956974959
70.32959696393611
68.2037196768477
11.956004772190266
68.2037196768477
70.32959696393611
71.68963956974959
72.38180952921269
72.31761478577286
73.61961324936541
73.45431931479924
72.38180952921269
70.92322817485845
68.80357067852938
0.0
68.80357067852938
70.92322817485845
72.38180952921269
73.45431931479924
73.61961324936541
74.99924309916713
73.61961324936541
72.31761478577286
70.78327512589794
68.73967493558776
0.0
68.73967493558776
70.78327512589794
72.31761478577286
73.61961324936541
74.99924309916713
75.54150682513747
74.21981181308779
72.99330818872563
71.56834125024258
69.75161456594275
0.0
69.75161456594275
71.56834125024258
72.99330818872563
74.21981181308779
75.54150682513747
74.21981181308779
74.08431118932566
73.08237433486907
71.74640854823532
69.89727266598139
0.0
69.89727266598139
71.74640854823532
73.08237433486907
74.08431118932566
74.21981181308779
72.99330818872563
73.08237433486907
72.45375629124868
71.22098452783396
69.39354285628106
66.95660436664188
69.39354285628106
71.22098452783396
72.45375629124868
73.08237433486907
72.99330818872563
71.56834125024258
71.74640854823532
71.22098452783396
70.13304291369089
68.09923862345407
0.0
68.09923862345407
70.13304291369089
71.22098452783396
71.74640854823532
71.56834125024258
69.75161456594275
69.89727266598139
69.39354285628106
68.09923862345407
64.7363391607002
0.0
64.7363391607002
68.09923862345407
69.39354285628106
69.89727266598139
69.75161456594275
0.0
0.0
66.95660436664188
0.0
0.0
0.0
0.0
0.0
66.95660436664188
0.0
0.0
69.75161456594275
69.89727266598139
69.39354285628106
68.09923862345407
64.7363391607002
0.0
64.7363391607002
68.09923862345407
69.39354285628106
69.89727266598139
69.75161456594275
71.56834125024258
71.74640854823532
71.22098452783396
70.13304291369089
68.09923862345407
0.0
68.09923862345407
70.13304291369089
71.22098452783396
71.74640854823532
71.56834125024258
72.99330818872563
73.08237433486907
72.45375629124868
71.22098452783396
69.39354285628106
66.95660436664188
69.39354285628106
71.22098452783396
72.45375629124868
73.08237433486907
72.99330818872563
74.21981181308779
74.08431118932566
73.08237433486907
71.74640854823532
69.89727266598139
0.0
69.89727266598139
71.74640854823532
73.08237433486907
74.08431118932566
74.21981181308779
75.54150682513747
74.21981181308779
72.99330818872563
71.56834125024258
69.75161456594275
0.0
69.75161456594275
71.56834125024258
72.99330818872563
74.21981181308779
75.54150682513747
76.06629194540446
74.80565010308699
73.64699973275468
72.3229497216469
70.65539319280707
0.0
70.65539319280707
72.3229497216469
73.64699973275468
74.80565010308699
76.06629194540446
74.80565010308699
74.69770706778269
73.7628717506214
72.51736469507257
70.88088591485766
0.0
70.88088591485766
72.51736469507257
73.7628717506214
74.69770706778269
74.80565010308699
73.64699973275468
73.7628717506214
73.18127873237555
72.06617973135029
70.42014212466216
68.649117171469
70.42014212466216
72.06617973135029
73.18127873237555
73.7628717506214
73.64699973275468
72.3229497216469
72.51736469507257
72.06617973135029
71.05960568468309
69.44176642093308
0.0
69.44176642093308
71.05960568468309
72.06617973135029
72.51736469507257
72.3229497216469
70.65539319280707
70.88088591485766
70.42014212466216
69.44176642093308
67.29944820141215
0.0
67.29944820141215
69.44176642093308
70.42014212466216
70.88088591485766
70.65539319280707
0.0
0.0
68.649117171469
0.0
0.0
0.0
0.0
0.0
68.649117171469
0.0
0.0
70.65539319280707
70.88088591485766
70.42014212466216
69.44176642093308
67.29944820141215
0.0
67.29944820141215
69.44176642093308
70.42014212466216
70.88088591485766
70.65539319280707
72.3229497216469
72.51736469507257
72.06617973135029
71.05960568468309
69.44176642093308
0.0
69.44176642093308
71.05960568468309
72.06617973135029
72.51736469507257
72.3229497216469
73.64699973275468
73.7628717506214
73.18127873237555
72.06617973135029
70.42014212466216
68.649117171469
70.42014212466216
72.06617973135029
73.18127873237555
73.7628717506214
73.64699973275468
74.80565010308699
74.69770706778269
73.7628717506214
72.51736469507257
70.88088591485766
0.0
70.88088591485766
72.51736469507257
73.7628717506214
74.69770706778269
74.80565010308699
76.06629194540446
74.80565010308699
73.64699973275468
72.3229497216469
70.65539319280707
0.0
70.65539319280707
72.3229497216469
73.64699973275468
74.80565010308699
76.06629194540446
76.56923308049556
75.37732965900747
74.28386259989269
73.04421090443329
71.50774815313098
0.0
71.50774815313098
73.04421090443329
74.28386259989269
75.37732965900747
76.56923308049556
75.37732965900747
75.29663658086594
74.42225914219485
73.26064385341138
71.7603898767887
0.0
71.7603898767887
73.26064385341138
74.42225914219485
75.29663658086594
75.37732965900747
74.28386259989269
74.42225914219485
73.88634137736128
72.85761440860165
71.38412285592875
69.90220836773835
71.38412285592875
72.85761440860165
73.88634137736128
74.42225914219485
74.28386259989269
73.04421090443329
73.26064385341138
72.85761440860165
71.94399097148316
70.50423164273113
0.0
70.50423164273113
71.94399097148316
72.85761440860165
73.26064385341138
73.04421090443329
71.50774815313098
71.7603898767887
71.38412285592875
70.50423164273113
68.9498685509611
0.0
68.9498685509611
70.50423164273113
71.38412285592875
71.7603898767887
71.50774815313098
0.0
0.0
69.90220836773835
0.0
0.0
0.0
0.0
0.0
69.90220836773835
0.0
0.0
71.50774815313098
71.7603898767887
71.38412285592875
70.50423164273113
68.9498685509611
0.0
68.9498685509611
70.50423164273113
71.38412285592875
71.7603898767887
71.50774815313098
73.04421090443329
73.26064385341138
72.85761440860165
71.94399097148316
70.50423164273113
0.0
70.50423164273113
71.94399097148316
72.85761440860165
73.26064385341138
73.04421090443329
74.28386259989269
74.42225914219485
73.88634137736128
72.85761440860165
71.38412285592875
69.90220836773835
71.38412285592875
72.85761440860165
73.88634137736128
74.42225914219485
74.28386259989269
75.37732965900747
75.29663658086594
74.42225914219485
73.26064385341138
71.7603898767887
0.0
71.7603898767887
73.26064385341138
74.42225914219485
75.29663658086594
75.37732965900747
76.56923308049556
75.37732965900747
74.28386259989269
73.04421090443329
71.50774815313098
0.0
71.50774815313098
73.04421090443329
74.28386259989269
75.37732965900747
76.56923308049556
77.0447631954865
75.93369414155006
74.90599583842312
73.73859542656646
72.313188174497
0.0
72.313188174497
73.73859542656646
74.90599583842312
75.93369414155006
77.0447631954865
75.93369414155006
75.88243460832743
75.06295820910024
73.9799089800982
72.58106111897192
0.0
72.58106111897192
73.9799089800982
75.06295820910024
75.88243460832743
75.93369414155006
74.90599583842312
75.06295820910024
74.57144856601974
73.61161677872467
72.2781914077315
71.00182970716234
72.2781914077315
73.61161677872467
74.57144856601974
75.06295820910024
74.90599583842312
73.73859542656646
73.9799089800982
73.61161677872467
72.78338164361266
71.46737747472044
0.0
71.46737747472044
72.78338164361266
73.61161677872467
73.9799089800982
73.73859542656646
72.313188174497
72.58106111897192
72.2781914077315
71.46737747472044
70.17478614705598
0.0
70.17478614705598
71.46737747472044
72.2781914077315
72.58106111897192
72.313188174497
0.0
0.0
71.00182970716234
0.0
0.0
0.0
0.0
0.0
71.00182970716234
0.0
0.0
72.313188174497
72.58106111897192
72.2781914077315
71.46737747472044
70.17478614705598
0.0
70.17478614705598
71.46737747472044
72.2781914077315
72.58106111897192
72.313188174497
73.73859542656646
73.9799089800982
73.61161677872467
72.78338164361266
71.46737747472044
0.0
71.46737747472044
72.78338164361266
73.61161677872467
73.9799089800982
73.73859542656646
74.90599583842312
75.06295820910024
74.57144856601974
73.61161677872467
72.2781914077315
71.00182970716234
72.2781914077315
73.61161677872467
74.57144856601974
75.06295820910024
74.90599583842312
75.93369414155006
75.88243460832743
75.06295820910024
73.9799089800982
72.58106111897192
0.0
72.58106111897192
73.9799089800982
75.06295820910024
75.88243460832743
75.93369414155006
77.0447631954865
75.93369414155006
74.90599583842312
73.73859542656646
72.313188174497
0.0
72.313188174497
73.73859542656646
74.90599583842312
75.93369414155006
77.0447631954865
77.48108597858644
76.47447449738029
75.5125791009646
74.41439601687931
73.07372361424515
0.0
73.07372361424515
74.41439601687931
75.5125791009646
76.47447449738029
77.48108597858644
76.47447449738029
76.45358886647274
75.6894890673989
74.67332366644708
73.36803454770373
0.0
73.36803454770373
74.67332366644708
75.6894890673989
76.45358886647274
76.47447449738029
75.5125791009646
75.6894890673989
75.23543199040203
74.3424538150363
73.10726701867699
72.00561549490729
73.10726701867699
74.3424538150363
75.23543199040203
75.6894890673989
75.5125791009646
74.41439601687931
74.67332366644708
74.3424538150363
73.57500572100084
72.37958431651639
0.0
72.37958431651639
73.57500572100084
74.3424538150363
74.67332366644708
74.41439601687931
73.07372361424515
73.36803454770373
73.10726701867699
72.37958431651639
71.19481336032972
0.0
71.19481336032972
72.37958431651639
73.10726701867699
73.36803454770373
73.07372361424515
0.0
0.0
72.00561549490729
0.0
0.0
0.0
0.0
0.0
72.00561549490729
0.0
0.0
73.07372361424515
73.36803454770373
73.10726701867699
72.37958431651639
71.19481336032972
0.0
71.19481336032972
72.37958431651639
73.10726701867699
73.36803454770373
73.07372361424515
74.41439601687931
74.67332366644708
74.3424538150363
73.57500572100084
72.37958431651639
0.0
72.37958431651639
73.57500572100084
74.3424538150363
74.67332366644708
74.41439601687931
75.5125791009646
75.6894890673989
75.23543199040203
74.3424538150363
73.10726701867699
72.00561549490729
73.10726701867699
74.3424538150363
75.23543199040203
75.6894890673989
75.5125791009646
76.47447449738029
76.45358886647274
75.6894890673989
74.67332366644708
73.36803454770373
0.0
73.36803454770373
74.67332366644708
75.6894890673989
76.45358886647274
76.47447449738029
77.48108597858644
76.47447449738029
75.5125791009646
74.41439601687931
73.07372361424515
0.0
73.07372361424515
74.41439601687931
75.5125791009646
76.47447449738029
77.48108597858644
77.85678349352423
76.99659501122356
76.10541103697881
75.07207360448251
73.8028808572146
0.0
73.8028808572146
75.07207360448251
76.10541103697881
76.99659501122356
77.85678349352423
76.99659501122356
77.01023107611182
76.3017801573246
75.34673590722063
74.12239125520634
0.0
74.12239125520634
75.34673590722063
76.3017801573246
77.01023107611182
76.99659501122356
76.10541103697881
76.3017801573246
75.88268420727401
75.05001494773943
73.89627453847694
72.91726717252345
73.89627453847694
75.05001494773943
75.88268420727401
76.3017801573246
76.10541103697881
75.07207360448251
75.34673590722063
75.05001494773943
74.33498582404486
73.23571579522768
0.0
73.23571579522769
74.33498582404486
75.05001494773943
75.34673590722063
75.07207360448251
73.8028808572146
74.12239125520634
73.89627453847694
73.23571579522768
72.12869078045806
0.0
72.12869078045806
73.23571579522769
73.89627453847694
74.12239125520634
73.8028808572146
0.0
0.0
72.91726717252345
0.0
0.0
0.0
0.0
0.0
72.91726717252345
0.0
0.0
73.8028808572146
74.12239125520634
73.89627453847694
73.23571579522768
72.12869078045806
0.0
72.12869078045806
73.23571579522768
73.89627453847694
74.12239125520634
73.8028808572146
75.07207360448251
75.34673590722063
75.05001494773943
74.33498582404486
73.23571579522768
0.0
73.23571579522768
74.33498582404486
75.05001494773943
75.34673590722063
75.07207360448251
76.10541103697881
76.3017801573246
75.88268420727401
75.05001494773943
73.89627453847694
72.91726717252345
73.89627453847694
75.05001494773943
75.88268420727401
76.3017801573246
76.10541103697881
76.99659501122356
77.01023107611182
76.3017801573246
75.34673590722063
74.12239125520634
0.0
74.12239125520634
75.34673590722063
76.3017801573246
77.01023107611182
76.99659501122356
77.85678349352423
76.99659501122356
76.10541103697881
75.07207360448251
73.8028808572146
0.0
73.8028808572146
75.07207360448251
76.10541103697881
76.99659501122356
77.85678349352423
78.12177404027285
77.49634894140452
76.68466502170007
75.71284996340867
74.50848884484743
0.0
74.50848884484743
75.71284996340867
76.68466502170007
77.49634894140452
78.12177404027285
77.49634894140452
77.55061064261129
76.90035948283555
76.00356490719103
74.84722627531286
0.0
74.84722627531286
76.00356490719103
76.90035948283555
77.55061064261129
77.49634894140452
76.68466502170007
76.90035948283555
76.51561924303378
75.73577710239151
74.6570433011791
73.76230142631402
74.6570433011791
75.73577710239151
76.51561924303378
76.90035948283555
76.68466502170007
75.71284996340867
76.00356490719103
75.73577710239151
75.07116474881346
74.04369166633374
0.0
74.04369166633374
75.07116474881346
75.73577710239151
76.00356490719103
75.71284996340867
74.50848884484743
74.84722627531286
74.6570433011791
74.04369166633374
73.00943803610538
0.0
73.0094380361054
74.04369166633374
74.6570433011791
74.84722627531286
74.50848884484743
0.0
0.0
73.76230142631402
0.0
0.0
0.0
0.0
0.0
73.76230142631402
0.0
0.0
74.50848884484743
74.84722627531286
74.6570433011791
74.04369166633374
73.00943803610538
0.0
73.00943803610538
74.04369166633374
74.6570433011791
74.84722627531286
74.50848884484743
75.71284996340867
76.00356490719103
75.73577710239151
75.07116474881346
74.04369166633374
0.0
74.04369166633374
75.07116474881346
75.73577710239151
76.00356490719103
75.71284996340867
76.68466502170007
76.90035948283555
76.51561924303378
75.73577710239151
74.6570433011791
73.76230142631402
74.6570433011791
75.73577710239151
76.51561924303378
76.90035948283555
76.68466502170007
77.49634894140452
77.55061064261129
76.90035948283555
76.00356490719103
74.84722627531286
0.0
74.84722627531286
76.00356490719103
76.90035948283555
77.55061064261129
77.49634894140452
78.12177404027285
77.49634894140452
76.68466502170007
75.71284996340867
74.50848884484743
0.0
74.50848884484743
75.71284996340867
76.68466502170007
77.49634894140452
78.12177404027285
